0796146874
0596146874
0696146874
0741579482
0541579482
0641579482
0798772329
0598772329
0698772329
0703064902
0503064902
0603064902
0700589591
0500589591
0600589591
0785092242
0585092242
0685092242
0771317675
0571317675
0671317675
0752862960
0552862960
0652862960
0747132593
0547132593
0647132593
0788599721
0588599721
0688599721
0721766870
0521766870
0621766870
0700659299
0500659299
0600659299
0752102538
0552102538
0652102538
0794560576
0594560576
0694560576
0713079469
0513079469
0613079469
0795997846
0595997846
0695997846
0726053500
0526053500
0626053500
0776084861
0576084861
0676084861
0748252280
0548252280
0648252280
0729148006
0529148006
0629148006
0708933276
0508933276
0608933276
0727669618
0527669618
0627669618
0770022572
0570022572
0670022572
0744166255
0544166255
0644166255
0743993206
0543993206
0643993206
0795655248
0595655248
0695655248
0784148858
0584148858
0684148858
0712039069
0512039069
0612039069
0777940792
0577940792
0677940792
0728186795
0528186795
0628186795
0781268427
0581268427
0681268427
0760418124
0560418124
0660418124
0769001624
0569001624
0669001624
0785798367
0585798367
0685798367
0723823450
0523823450
0623823450
0701914920
0501914920
0601914920
0755785948
0555785948
0655785948
0707053621
0507053621
0607053621
0765318228
0565318228
0665318228
0745850258
0545850258
0645850258
0741067357
0541067357
0641067357
0758296116
0558296116
0658296116
0761347695
0561347695
0661347695
0779103732
0579103732
0679103732
0771089579
0571089579
0671089579
0723400094
0523400094
0623400094
0771082420
0571082420
0671082420
0751564153
0551564153
0651564153
0766353964
0566353964
0666353964
0708297034
0508297034
0608297034
0761961979
0561961979
0661961979
0743819754
0543819754
0643819754
0706607907
0506607907
0606607907
0781385302
0581385302
0681385302
0724561506
0524561506
0624561506
0774583261
0574583261
0674583261
0746160636
0546160636
0646160636
0714202754
0514202754
0614202754
0793559540
0593559540
0693559540
0700283021
0500283021
0600283021
0762783855
0562783855
0662783855
0773602078
0573602078
0673602078
0718921547
0518921547
0618921547
0744774053
0544774053
0644774053
0760300835
0560300835
0660300835
0785034209
0585034209
0685034209
0760925692
0560925692
0660925692
0759344868
0559344868
0659344868
0702615857
0502615857
0602615857
0740536370
0540536370
0640536370
0700222117
0500222117
0600222117
0790387137
0590387137
0690387137
0739901206
0539901206
0639901206
0760126633
0560126633
0660126633
0764601666
0564601666
0664601666
0726295909
0526295909
0626295909
0716206279
0516206279
0616206279
0780336437
0580336437
0680336437
0745665606
0545665606
0645665606
0708560579
0508560579
0608560579
0705803049
0505803049
0605803049
0747494112
0547494112
0647494112
0794032174
0594032174
0694032174
0788109303
0588109303
0688109303
0779844270
0579844270
0679844270
0706049256
0506049256
0606049256
0792768326
0592768326
0692768326
0719303776
0519303776
0619303776
0762466814
0562466814
0662466814
0768540150
0568540150
0668540150
0716495403
0516495403
0616495403
0785627450
0585627450
0685627450
0700941763
0500941763
0600941763
0793209507
0593209507
0693209507
0745702720
0545702720
0645702720
0794581106
0594581106
0694581106
0759897359
0559897359
0659897359
0740064653
0540064653
0640064653
0701661869
0501661869
0601661869
0742013622
0542013622
0642013622
0745093352
0545093352
0645093352
0763780615
0563780615
0663780615
0771376595
0571376595
0671376595
0740438329
0540438329
0640438329
0750336584
0550336584
0650336584
0761180302
0561180302
0661180302
0777932253
0577932253
0677932253
0752787547
0552787547
0652787547
0768276906
0568276906
0668276906
0768687965
0568687965
0668687965
0773712164
0573712164
0673712164
0734763881
0534763881
0634763881
0765993129
0565993129
0665993129
0765120464
0565120464
0665120464
0716029262
0516029262
0616029262
0764896885
0564896885
0664896885
0769568652
0569568652
0669568652
0757893500
0557893500
0657893500
0749390627
0549390627
0649390627
0766642319
0566642319
0666642319
0745219138
0545219138
0645219138
0760876815
0560876815
0660876815
0798014395
0598014395
0698014395
0741383096
0541383096
0641383096
0782824247
0582824247
0682824247
0738127598
0538127598
0638127598
0777113302
0577113302
0677113302
0779311543
0579311543
0679311543
0797562387
0597562387
0697562387
0715779912
0515779912
0615779912
0768581621
0568581621
0668581621
0723391038
0523391038
0623391038
0755323695
0555323695
0655323695
0704400389
0504400389
0604400389
0786108063
0586108063
0686108063
0799777600
0599777600
0699777600
0734859237
0534859237
0634859237
0761696936
0561696936
0661696936
0707879094
0507879094
0607879094
0734434864
0534434864
0634434864
0760913223
0560913223
0660913223
0705623998
0505623998
0605623998
0795931379
0595931379
0695931379
0769312765
0569312765
0669312765
0727578503
0527578503
0627578503
0709481367
0509481367
0609481367
0758077414
0558077414
0658077414
0774608774
0574608774
0674608774
0754068425
0554068425
0654068425
0792931530
0592931530
0692931530
0759835325
0559835325
0659835325
0756975790
0556975790
0656975790
0704504018
0504504018
0604504018
0776004740
0576004740
0676004740
0769299107
0569299107
0669299107
0741076287
0541076287
0641076287
0772831633
0572831633
0672831633
0738388747
0538388747
0638388747
0726228581
0526228581
0626228581
0736772643
0536772643
0636772643
0733329414
0533329414
0633329414
0787210087
0587210087
0687210087
0711342177
0511342177
0611342177
0754201651
0554201651
0654201651
0791947425
0591947425
0691947425
0720942955
0520942955
0620942955
0794243250
0594243250
0694243250
0793278840
0593278840
0693278840
0782064648
0582064648
0682064648
0712727105
0512727105
0612727105
0758880908
0558880908
0658880908
0745551046
0545551046
0645551046
0799564303
0599564303
0699564303
0720917290
0520917290
0620917290
0798860482
0598860482
0698860482
0730905706
0530905706
0630905706
0726204395
0526204395
0626204395
0788823740
0588823740
0688823740
0728552967
0528552967
0628552967
0732167944
0532167944
0632167944
0749991581
0549991581
0649991581
0787576109
0587576109
0687576109
0733249496
0533249496
0633249496
0749576042
0549576042
0649576042
0704784259
0504784259
0604784259
0724045933
0524045933
0624045933
0718076054
0518076054
0618076054
0760843147
0560843147
0660843147
0734460625
0534460625
0634460625
0713682940
0513682940
0613682940
0708124693
0508124693
0608124693
0708711972
0508711972
0608711972
0778802721
0578802721
0678802721
0757983295
0557983295
0657983295
0730851932
0530851932
0630851932
0723608424
0523608424
0623608424
0776423774
0576423774
0676423774
0762666559
0562666559
0662666559
0789300751
0589300751
0689300751
0712888566
0512888566
0612888566
0702093909
0502093909
0602093909
0793646259
0593646259
0693646259
0763003327
0563003327
0663003327
0757606201
0557606201
0657606201
0767239088
0567239088
0667239088
0750212697
0550212697
0650212697
0746477401
0546477401
0646477401
0762248837
0562248837
0662248837
0719675072
0519675072
0619675072
0718798508
0518798508
0618798508
0732637656
0532637656
0632637656
0704016154
0504016154
0604016154
0791076940
0591076940
0691076940
0742514796
0542514796
0642514796
0796558792
0596558792
0696558792
0795536410
0595536410
0695536410
0721259457
0521259457
0621259457
0760787747
0560787747
0660787747
0719615998
0519615998
0619615998
0713910317
0513910317
0613910317
0746113653
0546113653
0646113653
0730781575
0530781575
0630781575
0776585000
0576585000
0676585000
0771897112
0571897112
0671897112
0722626154
0522626154
0622626154
0769021314
0569021314
0669021314
0730721505
0530721505
0630721505
0731845554
0531845554
0631845554
0765391331
0565391331
0665391331
0752880036
0552880036
0652880036
0740557346
0540557346
0640557346
0725499897
0525499897
0625499897
0756676800
0556676800
0656676800
0708643276
0508643276
0608643276
0792632796
0592632796
0692632796
0723440394
0523440394
0623440394
0706243818
0506243818
0606243818
0776840005
0576840005
0676840005
0737680802
0537680802
0637680802
0783824512
0583824512
0683824512
0708824778
0508824778
0608824778
0707662382
0507662382
0607662382
0721233989
0521233989
0621233989
0767356081
0567356081
0667356081
0754368392
0554368392
0654368392
0759536430
0559536430
0659536430
0724905142
0524905142
0624905142
0766512437
0566512437
0666512437
0779789958
0579789958
0679789958
0744846188
0544846188
0644846188
0771316227
0571316227
0671316227
0737865903
0537865903
0637865903
0758460520
0558460520
0658460520
0736578294
0536578294
0636578294
0745588351
0545588351
0645588351
0752083473
0552083473
0652083473
0766682203
0566682203
0666682203
0732343083
0532343083
0632343083
0707341279
0507341279
0607341279
0776528242
0576528242
0676528242
0730508506
0530508506
0630508506
0756139114
0556139114
0656139114
0724699980
0524699980
0624699980
0710317298
0510317298
0610317298
0772724199
0572724199
0672724199
0746636211
0546636211
0646636211
0773220198
0573220198
0673220198
0786880253
0586880253
0686880253
0722450309
0522450309
0622450309
0768018443
0568018443
0668018443
0779920426
0579920426
0679920426
0701855608
0501855608
0601855608
0743299221
0543299221
0643299221
0706993084
0506993084
0606993084
0739721945
0539721945
0639721945
0739695960
0539695960
0639695960
0732854156
0532854156
0632854156
0728863737
0528863737
0628863737
0751903695
0551903695
0651903695
0708372995
0508372995
0608372995
0715928128
0515928128
0615928128
0797367181
0597367181
0697367181
0730338619
0530338619
0630338619
0748480854
0548480854
0648480854
0720862093
0520862093
0620862093
0791835742
0591835742
0691835742
0717319240
0517319240
0617319240
0719519424
0519519424
0619519424
0772435668
0572435668
0672435668
0731237603
0531237603
0631237603
0778288955
0578288955
0678288955
0775353456
0575353456
0675353456
0769547187
0569547187
0669547187
0731550227
0531550227
0631550227
0791999307
0591999307
0691999307
0788293593
0588293593
0688293593
0799126976
0599126976
0699126976
0780824186
0580824186
0680824186
0759953805
0559953805
0659953805
0738476215
0538476215
0638476215
0726785745
0526785745
0626785745
0744279575
0544279575
0644279575
0793799302
0593799302
0693799302
0722414752
0522414752
0622414752
0720746159
0520746159
0620746159
0790050553
0590050553
0690050553
0774084293
0574084293
0674084293
0724897316
0524897316
0624897316
0712550715
0512550715
0612550715
0794781680
0594781680
0694781680
0769854457
0569854457
0669854457
0757476635
0557476635
0657476635
0797965559
0597965559
0697965559
0731006571
0531006571
0631006571
0773678759
0573678759
0673678759
0757630932
0557630932
0657630932
0794715441
0594715441
0694715441
0764766985
0564766985
0664766985
0791508272
0591508272
0691508272
0713318102
0513318102
0613318102
0707321457
0507321457
0607321457
0780009609
0580009609
0680009609
0794185096
0594185096
0694185096
0791839944
0591839944
0691839944
0797650362
0597650362
0697650362
0734531269
0534531269
0634531269
0778329921
0578329921
0678329921
0766548214
0566548214
0666548214
0755994362
0555994362
0655994362
0758390878
0558390878
0658390878
0733284407
0533284407
0633284407
0771477115
0571477115
0671477115
0708857121
0508857121
0608857121
0763837501
0563837501
0663837501
0730266501
0530266501
0630266501
0728025034
0528025034
0628025034
0790277699
0590277699
0690277699
0702405689
0502405689
0602405689
0769167284
0569167284
0669167284
0721003522
0521003522
0621003522
0786472054
0586472054
0686472054
0766510434
0566510434
0666510434
0714451762
0514451762
0614451762
0761368853
0561368853
0661368853
0754952800
0554952800
0654952800
0779967348
0579967348
0679967348
0749940991
0549940991
0649940991
0768916657
0568916657
0668916657
0757816852
0557816852
0657816852
0769328752
0569328752
0669328752
0775321270
0575321270
0675321270
0756602268
0556602268
0656602268
0723593277
0523593277
0623593277
0781426412
0581426412
0681426412
0749398702
0549398702
0649398702
0713387525
0513387525
0613387525
0704864232
0504864232
0604864232
0785595890
0585595890
0685595890
0746796348
0546796348
0646796348
0765993041
0565993041
0665993041
0769409446
0569409446
0669409446
0780415259
0580415259
0680415259
0742830473
0542830473
0642830473
0718563132
0518563132
0618563132
0736209312
0536209312
0636209312
0734195703
0534195703
0634195703
0797075443
0597075443
0697075443
0729876004
0529876004
0629876004
0738476083
0538476083
0638476083
0771578837
0571578837
0671578837
0773805430
0573805430
0673805430
0798440578
0598440578
0698440578
0765069740
0565069740
0665069740
0789570645
0589570645
0689570645
0725161782
0525161782
0625161782
0771327900
0571327900
0671327900
0765506332
0565506332
0665506332
0738821625
0538821625
0638821625
0796508015
0596508015
0696508015
0789655968
0589655968
0689655968
0792977552
0592977552
0692977552
0729652190
0529652190
0629652190
0763589185
0563589185
0663589185
0745885090
0545885090
0645885090
0791721260
0591721260
0691721260
0768724669
0568724669
0668724669
0784200861
0584200861
0684200861
0735097623
0535097623
0635097623
0759782156
0559782156
0659782156
0768332661
0568332661
0668332661
0716468873
0516468873
0616468873
0745546642
0545546642
0645546642
0732044061
0532044061
0632044061
0751540585
0551540585
0651540585
0786387676
0586387676
0686387676
0736950380
0536950380
0636950380
0797549081
0597549081
0697549081
0752462723
0552462723
0652462723
0770673957
0570673957
0670673957
0794140694
0594140694
0694140694
0707586452
0507586452
0607586452
0799508654
0599508654
0699508654
0773455245
0573455245
0673455245
0735103823
0535103823
0635103823
0774708137
0574708137
0674708137
0769574310
0569574310
0669574310
0745120078
0545120078
0645120078
0763717184
0563717184
0663717184
0718634513
0518634513
0618634513
0769250786
0569250786
0669250786
0781932079
0581932079
0681932079
0750909495
0550909495
0650909495
0751007283
0551007283
0651007283
0757758655
0557758655
0657758655
0758841008
0558841008
0658841008
0731922812
0531922812
0631922812
0786692452
0586692452
0686692452
0715529597
0515529597
0615529597
0784033893
0584033893
0684033893
0778390711
0578390711
0678390711
0716909243
0516909243
0616909243
0703372639
0503372639
0603372639
0799985520
0599985520
0699985520
0758238965
0558238965
0658238965
0795859777
0595859777
0695859777
0789161396
0589161396
0689161396
0745450276
0545450276
0645450276
0767271008
0567271008
0667271008
0789142778
0589142778
0689142778
0796382460
0596382460
0696382460
0791893585
0591893585
0691893585
0748072151
0548072151
0648072151
0703636084
0503636084
0603636084
0798747695
0598747695
0698747695
0708013298
0508013298
0608013298
0716607358
0516607358
0616607358
0745248970
0545248970
0645248970
0732968357
0532968357
0632968357
0730512643
0530512643
0630512643
0705970491
0505970491
0605970491
0739755013
0539755013
0639755013
0765920740
0565920740
0665920740
0764663204
0564663204
0664663204
0781984623
0581984623
0681984623
0744997079
0544997079
0644997079
0753642603
0553642603
0653642603
0717883458
0517883458
0617883458
0722411840
0522411840
0622411840
0770643745
0570643745
0670643745
0754003488
0554003488
0654003488
0787556380
0587556380
0687556380
0798736329
0598736329
0698736329
0755427711
0555427711
0655427711
0757887467
0557887467
0657887467
0791042960
0591042960
0691042960
0749216239
0549216239
0649216239
0724730859
0524730859
0624730859
0709271518
0509271518
0609271518
0731506055
0531506055
0631506055
0770375035
0570375035
0670375035
0727596183
0527596183
0627596183
0750091969
0550091969
0650091969
0717174512
0517174512
0617174512
0782346793
0582346793
0682346793
0728717133
0528717133
0628717133
0785823697
0585823697
0685823697
0730340162
0530340162
0630340162
0741840581
0541840581
0641840581
0701462713
0501462713
0601462713
0787172132
0587172132
0687172132
0702459480
0502459480
0602459480
0792817999
0592817999
0692817999
0734012067
0534012067
0634012067
0771151173
0571151173
0671151173
0760060019
0560060019
0660060019
0701563373
0501563373
0601563373
0724815836
0524815836
0624815836
0719656259
0519656259
0619656259
0754430508
0554430508
0654430508
0767235481
0567235481
0667235481
0772137512
0572137512
0672137512
0740881631
0540881631
0640881631
0798057294
0598057294
0698057294
0732616752
0532616752
0632616752
0773165873
0573165873
0673165873
0759743198
0559743198
0659743198
0780915797
0580915797
0680915797
0765579793
0565579793
0665579793
0729294911
0529294911
0629294911
0758405223
0558405223
0658405223
0756433922
0556433922
0656433922
0774140513
0574140513
0674140513
0722875242
0522875242
0622875242
0774054487
0574054487
0674054487
0780277477
0580277477
0680277477
0740020303
0540020303
0640020303
0797017632
0597017632
0697017632
0794535536
0594535536
0694535536
0746868183
0546868183
0646868183
0762748739
0562748739
0662748739
0740003061
0540003061
0640003061
0706825064
0506825064
0606825064
0741993525
0541993525
0641993525
0709158951
0509158951
0609158951
0785421702
0585421702
0685421702
0741985761
0541985761
0641985761
0755206694
0555206694
0655206694
0787610309
0587610309
0687610309
0769874450
0569874450
0669874450
0715322091
0515322091
0615322091
0709004380
0509004380
0609004380
0780435358
0580435358
0680435358
0728036911
0528036911
0628036911
0728030527
0528030527
0628030527
0723914498
0523914498
0623914498
0719778316
0519778316
0619778316
0722807803
0522807803
0622807803
0736569937
0536569937
0636569937
0720357286
0520357286
0620357286
0734852702
0534852702
0634852702
0730419745
0530419745
0630419745
0798689318
0598689318
0698689318
0715719223
0515719223
0615719223
0706298003
0506298003
0606298003
0726374249
0526374249
0626374249
0705722131
0505722131
0605722131
0753768145
0553768145
0653768145
0754228290
0554228290
0654228290
0700609000
0500609000
0600609000
0780385404
0580385404
0680385404
0718040000
0518040000
0618040000
0777842790
0577842790
0677842790
0700371702
0500371702
0600371702
0731177961
0531177961
0631177961
0793248496
0593248496
0693248496
0799400560
0599400560
0699400560
0742351499
0542351499
0642351499
0762794555
0562794555
0662794555
0785427363
0585427363
0685427363
0700537939
0500537939
0600537939
0766667833
0566667833
0666667833
0710286926
0510286926
0610286926
0797250389
0597250389
0697250389
0704658427
0504658427
0604658427
0794609600
0594609600
0694609600
0761033473
0561033473
0661033473
0763136614
0563136614
0663136614
0731308029
0531308029
0631308029
0726290732
0526290732
0626290732
0729715602
0529715602
0629715602
0791830440
0591830440
0691830440
0773489991
0573489991
0673489991
0771680111
0571680111
0671680111
0704806667
0504806667
0604806667
0727885908
0527885908
0627885908
0795600969
0595600969
0695600969
0725462785
0525462785
0625462785
0773179496
0573179496
0673179496
0777848638
0577848638
0677848638
0792092306
0592092306
0692092306
0735680058
0535680058
0635680058
0798730172
0598730172
0698730172
0718726592
0518726592
0618726592
0732313194
0532313194
0632313194
0785515279
0585515279
0685515279
0711630391
0511630391
0611630391
0789566599
0589566599
0689566599
0735816441
0535816441
0635816441
0779518581
0579518581
0679518581
0734014164
0534014164
0634014164
0701657640
0501657640
0601657640
0776932316
0576932316
0676932316
0761328542
0561328542
0661328542
0737954495
0537954495
0637954495
0714627057
0514627057
0614627057
0768886438
0568886438
0668886438
0756900227
0556900227
0656900227
0742738807
0542738807
0642738807
0737298012
0537298012
0637298012
0727932939
0527932939
0627932939
0714726939
0514726939
0614726939
0752544734
0552544734
0652544734
0719236762
0519236762
0619236762
0726508640
0526508640
0626508640
0796861908
0596861908
0696861908
0734191015
0534191015
0634191015
0732632257
0532632257
0632632257
0775587933
0575587933
0675587933
0749330375
0549330375
0649330375
0733623877
0533623877
0633623877
0716390700
0516390700
0616390700
0760614342
0560614342
0660614342
0736155635
0536155635
0636155635
0781455906
0581455906
0681455906
0734658089
0534658089
0634658089
0744217969
0544217969
0644217969
0705007750
0505007750
0605007750
0726511087
0526511087
0626511087
0760851728
0560851728
0660851728
0706358068
0506358068
0606358068
0765886098
0565886098
0665886098
0783933809
0583933809
0683933809
0787046456
0587046456
0687046456
0719119492
0519119492
0619119492
0772504093
0572504093
0672504093
0711600565
0511600565
0611600565
0759289503
0559289503
0659289503
0780527875
0580527875
0680527875
0708986159
0508986159
0608986159
0776056830
0576056830
0676056830
0756487956
0556487956
0656487956
0789346220
0589346220
0689346220
0757296902
0557296902
0657296902
0738143123
0538143123
0638143123
0716344251
0516344251
0616344251
0729195975
0529195975
0629195975
0752070029
0552070029
0652070029
0719573336
0519573336
0619573336
0794514099
0594514099
0694514099
0788726124
0588726124
0688726124
0796714570
0596714570
0696714570
0718129172
0518129172
0618129172
0771561690
0571561690
0671561690
0781860899
0581860899
0681860899
0795608474
0595608474
0695608474
0790199240
0590199240
0690199240
0702990048
0502990048
0602990048
0723415850
0523415850
0623415850
0750608538
0550608538
0650608538
0758694760
0558694760
0658694760
0759982885
0559982885
0659982885
0711895913
0511895913
0611895913
0775610176
0575610176
0675610176
0716811222
0516811222
0616811222
0723289646
0523289646
0623289646
0758872331
0558872331
0658872331
0756903480
0556903480
0656903480
0749565269
0549565269
0649565269
0772402005
0572402005
0672402005
0765102700
0565102700
0665102700
0766608538
0566608538
0666608538
0740854720
0540854720
0640854720
0770747445
0570747445
0670747445
0753673859
0553673859
0653673859
0758678527
0558678527
0658678527
0756194161
0556194161
0656194161
0734857191
0534857191
0634857191
0740078766
0540078766
0640078766
0719052616
0519052616
0619052616
0725855204
0525855204
0625855204
0774941109
0574941109
0674941109
0722597371
0522597371
0622597371
0731423648
0531423648
0631423648
0781817800
0581817800
0681817800
0779422996
0579422996
0679422996
0704204921
0504204921
0604204921
0794468533
0594468533
0694468533
0771880800
0571880800
0671880800
0737546466
0537546466
0637546466
0755402673
0555402673
0655402673
0788805839
0588805839
0688805839
0784746231
0584746231
0684746231
0740477417
0540477417
0640477417
0741025048
0541025048
0641025048
0769539517
0569539517
0669539517
0717358409
0517358409
0617358409
0712346590
0512346590
0612346590
0785981062
0585981062
0685981062
0711380956
0511380956
0611380956
0772630146
0572630146
0672630146
0725377409
0525377409
0625377409
0720760086
0520760086
0620760086
0792448562
0592448562
0692448562
0720134339
0520134339
0620134339
0758200581
0558200581
0658200581
0778130463
0578130463
0678130463
0729291819
0529291819
0629291819
0714559017
0514559017
0614559017
0767998193
0567998193
0667998193
0758273534
0558273534
0658273534
0776554402
0576554402
0676554402
0768035886
0568035886
0668035886
0730840000
0530840000
0630840000
0719159290
0519159290
0619159290
0746726329
0546726329
0646726329
0721211171
0521211171
0621211171
0772246122
0572246122
0672246122
0730705023
0530705023
0630705023
0794175573
0594175573
0694175573
0756175861
0556175861
0656175861
0770283799
0570283799
0670283799
0742120307
0542120307
0642120307
0766213773
0566213773
0666213773
0758117823
0558117823
0658117823
0729086566
0529086566
0629086566
0791102325
0591102325
0691102325
0705318787
0505318787
0605318787
0752567453
0552567453
0652567453
0784922409
0584922409
0684922409
0710950318
0510950318
0610950318
0769811902
0569811902
0669811902
0792938785
0592938785
0692938785
0728363795
0528363795
0628363795
0719387145
0519387145
0619387145
0768538977
0568538977
0668538977
0798823534
0598823534
0698823534
0772822682
0572822682
0672822682
0749259979
0549259979
0649259979
0724660288
0524660288
0624660288
0727986881
0527986881
0627986881
0726453972
0526453972
0626453972
0749285145
0549285145
0649285145
0735293267
0535293267
0635293267
0702786182
0502786182
0602786182
0789762160
0589762160
0689762160
0748790196
0548790196
0648790196
0792088138
0592088138
0692088138
0777091623
0577091623
0677091623
0783415067
0583415067
0683415067
0737345989
0537345989
0637345989
0744634162
0544634162
0644634162
0782686571
0582686571
0682686571
0789230173
0589230173
0689230173
0754208366
0554208366
0654208366
0788818971
0588818971
0688818971
0743363157
0543363157
0643363157
0780135289
0580135289
0680135289
0716100475
0516100475
0616100475
0775724136
0575724136
0675724136
0736598172
0536598172
0636598172
0703534053
0503534053
0603534053
0701330919
0501330919
0601330919
0791759906
0591759906
0691759906
0729717341
0529717341
0629717341
0762961131
0562961131
0662961131
0761743349
0561743349
0661743349
0778965595
0578965595
0678965595
0701150020
0501150020
0601150020
0786485686
0586485686
0686485686
0745708689
0545708689
0645708689
0753067805
0553067805
0653067805
0711825942
0511825942
0611825942
0754844701
0554844701
0654844701
0732530959
0532530959
0632530959
0786329380
0586329380
0686329380
0771912135
0571912135
0671912135
0738448712
0538448712
0638448712
0765995136
0565995136
0665995136
0704092025
0504092025
0604092025
0757429521
0557429521
0657429521
0790962268
0590962268
0690962268
0744401442
0544401442
0644401442
0769336042
0569336042
0669336042
0745129695
0545129695
0645129695
0761045844
0561045844
0661045844
0776590840
0576590840
0676590840
0728492933
0528492933
0628492933
0786913648
0586913648
0686913648
0752406040
0552406040
0652406040
0788480977
0588480977
0688480977
0787714009
0587714009
0687714009
0796511516
0596511516
0696511516
0701607849
0501607849
0601607849
0701105406
0501105406
0601105406
0728748278
0528748278
0628748278
0769414697
0569414697
0669414697
0774017689
0574017689
0674017689
0709681062
0509681062
0609681062
0768394080
0568394080
0668394080
0707116906
0507116906
0607116906
0796037990
0596037990
0696037990
0770364276
0570364276
0670364276
0744094482
0544094482
0644094482
0709965830
0509965830
0609965830
0706196135
0506196135
0606196135
0751032006
0551032006
0651032006
0773153777
0573153777
0673153777
0706762259
0506762259
0606762259
0794839614
0594839614
0694839614
0720078738
0520078738
0620078738
0761969251
0561969251
0661969251
0770065917
0570065917
0670065917
0770121549
0570121549
0670121549
0778872820
0578872820
0678872820
0771527653
0571527653
0671527653
0790127965
0590127965
0690127965
0795867160
0595867160
0695867160
0716316861
0516316861
0616316861
0776133021
0576133021
0676133021
0700487963
0500487963
0600487963
0718539754
0518539754
0618539754
0711377344
0511377344
0611377344
0717436220
0517436220
0617436220
0706135460
0506135460
0606135460
0719636195
0519636195
0619636195
0710021297
0510021297
0610021297
0766344644
0566344644
0666344644
0744493743
0544493743
0644493743
0750795376
0550795376
0650795376
0744573733
0544573733
0644573733
0768291319
0568291319
0668291319
0710384428
0510384428
0610384428
0749323591
0549323591
0649323591
0789779427
0589779427
0689779427
0734355097
0534355097
0634355097
0725002453
0525002453
0625002453
0753441539
0553441539
0653441539
0792251458
0592251458
0692251458
0767875037
0567875037
0667875037
0717877827
0517877827
0617877827
0722285948
0522285948
0622285948
0729483847
0529483847
0629483847
0775446106
0575446106
0675446106
0745492165
0545492165
0645492165
0767249218
0567249218
0667249218
0741536170
0541536170
0641536170
0714532582
0514532582
0614532582
0719885968
0519885968
0619885968
0738465856
0538465856
0638465856
0725352117
0525352117
0625352117
0740108064
0540108064
0640108064
0714362268
0514362268
0614362268
0706771557
0506771557
0606771557
0706557037
0506557037
0606557037
0711998258
0511998258
0611998258
0774283672
0574283672
0674283672
0705085263
0505085263
0605085263
0788677912
0588677912
0688677912
0754465797
0554465797
0654465797
0767868600
0567868600
0667868600
0760494717
0560494717
0660494717
0773732783
0573732783
0673732783
0736427984
0536427984
0636427984
0717062465
0517062465
0617062465
0724600844
0524600844
0624600844
0736410109
0536410109
0636410109
0779714876
0579714876
0679714876
0752493414
0552493414
0652493414
0746731146
0546731146
0646731146
0753979641
0553979641
0653979641
0703326700
0503326700
0603326700
0753828798
0553828798
0653828798
0736077097
0536077097
0636077097
0705278277
0505278277
0605278277
0756613439
0556613439
0656613439
0781043041
0581043041
0681043041
0714487604
0514487604
0614487604
0715847182
0515847182
0615847182
0749393158
0549393158
0649393158
0726066317
0526066317
0626066317
0741701433
0541701433
0641701433
0749679404
0549679404
0649679404
0766795300
0566795300
0666795300
0768848356
0568848356
0668848356
0727287070
0527287070
0627287070
0787731340
0587731340
0687731340
0794539679
0594539679
0694539679
0721213295
0521213295
0621213295
0728735599
0528735599
0628735599
0765334927
0565334927
0665334927
0725124064
0525124064
0625124064
0797208162
0597208162
0697208162
0734350899
0534350899
0634350899
0721859226
0521859226
0621859226
0708638710
0508638710
0608638710
0755663547
0555663547
0655663547
0703027823
0503027823
0603027823
0782889360
0582889360
0682889360
0798965798
0598965798
0698965798
0778687799
0578687799
0678687799
0739512371
0539512371
0639512371
0756386319
0556386319
0656386319
0764260751
0564260751
0664260751
0735196000
0535196000
0635196000
0723322122
0523322122
0623322122
0753666696
0553666696
0653666696
0718004256
0518004256
0618004256
0722521300
0522521300
0622521300
0749555558
0549555558
0649555558
0737666202
0537666202
0637666202
0701736356
0501736356
0601736356
0763845039
0563845039
0663845039
0788854847
0588854847
0688854847
0710214008
0510214008
0610214008
0739850140
0539850140
0639850140
0759766869
0559766869
0659766869
0718786256
0518786256
0618786256
0756311974
0556311974
0656311974
0793334010
0593334010
0693334010
0724707750
0524707750
0624707750
0714103495
0514103495
0614103495
0799505999
0599505999
0699505999
0760807946
0560807946
0660807946
0788327943
0588327943
0688327943
0773398938
0573398938
0673398938
0793476617
0593476617
0693476617
0720963988
0520963988
0620963988
0736311085
0536311085
0636311085
0756984169
0556984169
0656984169
0740357913
0540357913
0640357913
0790797966
0590797966
0690797966
0757623303
0557623303
0657623303
0754541571
0554541571
0654541571
0724282612
0524282612
0624282612
0784277737
0584277737
0684277737
0789584659
0589584659
0689584659
0752159255
0552159255
0652159255
0763821576
0563821576
0663821576
0787037340
0587037340
0687037340
0707653531
0507653531
0607653531
0765925817
0565925817
0665925817
0763438730
0563438730
0663438730
0776138770
0576138770
0676138770
0707819843
0507819843
0607819843
0715531222
0515531222
0615531222
0778555405
0578555405
0678555405
0743404488
0543404488
0643404488
0765607690
0565607690
0665607690
0775485032
0575485032
0675485032
0781171125
0581171125
0681171125
0722375682
0522375682
0622375682
0783669381
0583669381
0683669381
0762147691
0562147691
0662147691
0765080298
0565080298
0665080298
0790500583
0590500583
0690500583
0786440431
0586440431
0686440431
0753218286
0553218286
0653218286
0788602192
0588602192
0688602192
0787719336
0587719336
0687719336
0750387494
0550387494
0650387494
0784112988
0584112988
0684112988
0768563167
0568563167
0668563167
0762484160
0562484160
0662484160
0767584996
0567584996
0667584996
0715461781
0515461781
0615461781
0739778585
0539778585
0639778585
0776806105
0576806105
0676806105
0765529895
0565529895
0665529895
0765004763
0565004763
0665004763
0776956212
0576956212
0676956212
0721335021
0521335021
0621335021
0785708435
0585708435
0685708435
0779375973
0579375973
0679375973
0795691074
0595691074
0695691074
0792690767
0592690767
0692690767
0702071564
0502071564
0602071564
0777082343
0577082343
0677082343
0796411462
0596411462
0696411462
0717246687
0517246687
0617246687
0725701823
0525701823
0625701823
0749746954
0549746954
0649746954
0702111211
0502111211
0602111211
0762033856
0562033856
0662033856
0730690689
0530690689
0630690689
0740650575
0540650575
0640650575
0733160684
0533160684
0633160684
0780223927
0580223927
0680223927
0710318055
0510318055
0610318055
0718036081
0518036081
0618036081
0748101681
0548101681
0648101681
0766625157
0566625157
0666625157
0755193113
0555193113
0655193113
0739108632
0539108632
0639108632
0702360172
0502360172
0602360172
0747378087
0547378087
0647378087
0727165749
0527165749
0627165749
0704019478
0504019478
0604019478
0704511069
0504511069
0604511069
0742887402
0542887402
0642887402
0713300037
0513300037
0613300037
0745895845
0545895845
0645895845
0760244816
0560244816
0660244816
0789428682
0589428682
0689428682
0734922445
0534922445
0634922445
0702149356
0502149356
0602149356
0779647107
0579647107
0679647107
0785200678
0585200678
0685200678
0793838128
0593838128
0693838128
0713317327
0513317327
0613317327
0703799467
0503799467
0603799467
0719350768
0519350768
0619350768
0753881698
0553881698
0653881698
0751473863
0551473863
0651473863
0798148299
0598148299
0698148299
0731039752
0531039752
0631039752
0791207521
0591207521
0691207521
0722710935
0522710935
0622710935
0773825298
0573825298
0673825298
0768395036
0568395036
0668395036
0747105179
0547105179
0647105179
0713816647
0513816647
0613816647
0703638306
0503638306
0603638306
0706416308
0506416308
0606416308
0733529297
0533529297
0633529297
0767204662
0567204662
0667204662
0793775360
0593775360
0693775360
0747474669
0547474669
0647474669
0779338059
0579338059
0679338059
0712131175
0512131175
0612131175
0779422545
0579422545
0679422545
0794210007
0594210007
0694210007
0746786933
0546786933
0646786933
0745477051
0545477051
0645477051
0790310287
0590310287
0690310287
0728073409
0528073409
0628073409
0720976303
0520976303
0620976303
0776876966
0576876966
0676876966
0779156438
0579156438
0679156438
0714052405
0514052405
0614052405
0784868550
0584868550
0684868550
0722160816
0522160816
0622160816
0775702116
0575702116
0675702116
0719211332
0519211332
0619211332
0738596042
0538596042
0638596042
0757991266
0557991266
0657991266
0743902138
0543902138
0643902138
0708537704
0508537704
0608537704
0759818339
0559818339
0659818339
0789428871
0589428871
0689428871
0716349939
0516349939
0616349939
0758940089
0558940089
0658940089
0755851435
0555851435
0655851435
0710914653
0510914653
0610914653
0754847260
0554847260
0654847260
0750780459
0550780459
0650780459
0761854574
0561854574
0661854574
0749684400
0549684400
0649684400
0748560548
0548560548
0648560548
0753755759
0553755759
0653755759
0776073567
0576073567
0676073567
0793286312
0593286312
0693286312
0735323471
0535323471
0635323471
0788972757
0588972757
0688972757
0781434810
0581434810
0681434810
0781580637
0581580637
0681580637
0795453064
0595453064
0695453064
0710787874
0510787874
0610787874
0716745681
0516745681
0616745681
0772844987
0572844987
0672844987
0773434072
0573434072
0673434072
0770991370
0570991370
0670991370
0746669735
0546669735
0646669735
0738093897
0538093897
0638093897
0710213412
0510213412
0610213412
0795981040
0595981040
0695981040
0768484518
0568484518
0668484518
0739451251
0539451251
0639451251
0709128017
0509128017
0609128017
0707553285
0507553285
0607553285
0714836043
0514836043
0614836043
0703749408
0503749408
0603749408
0747897820
0547897820
0647897820
0751154889
0551154889
0651154889
0742781810
0542781810
0642781810
0709320573
0509320573
0609320573
0759350053
0559350053
0659350053
0703322061
0503322061
0603322061
0748824111
0548824111
0648824111
0735243523
0535243523
0635243523
0775712827
0575712827
0675712827
0727402627
0527402627
0627402627
0785574891
0585574891
0685574891
0773994201
0573994201
0673994201
0719150018
0519150018
0619150018
0728004428
0528004428
0628004428
0714104311
0514104311
0614104311
0746016173
0546016173
0646016173
0751117052
0551117052
0651117052
0734731121
0534731121
0634731121
0788343014
0588343014
0688343014
0783701118
0583701118
0683701118
0740399910
0540399910
0640399910
0795640337
0595640337
0695640337
0793559000
0593559000
0693559000
0717354633
0517354633
0617354633
0797607388
0597607388
0697607388
0751502038
0551502038
0651502038
0721978376
0521978376
0621978376
0783666788
0583666788
0683666788
0701278358
0501278358
0601278358
0757131277
0557131277
0657131277
0746765746
0546765746
0646765746
0773447323
0573447323
0673447323
0742551179
0542551179
0642551179
0732632825
0532632825
0632632825
0711012014
0511012014
0611012014
0769722349
0569722349
0669722349
0767215820
0567215820
0667215820
0781632970
0581632970
0681632970
0706009447
0506009447
0606009447
0768847900
0568847900
0668847900
0735456771
0535456771
0635456771
0700570820
0500570820
0600570820
0702004301
0502004301
0602004301
0783231473
0583231473
0683231473
0723974836
0523974836
0623974836
0784052597
0584052597
0684052597
0749892791
0549892791
0649892791
0770967656
0570967656
0670967656
0738972595
0538972595
0638972595
0719710706
0519710706
0619710706
0793791152
0593791152
0693791152
0725697592
0525697592
0625697592
0707676655
0507676655
0607676655
0707082303
0507082303
0607082303
0729515331
0529515331
0629515331
0705082478
0505082478
0605082478
0751743947
0551743947
0651743947
0728627101
0528627101
0628627101
0713714263
0513714263
0613714263
0772344897
0572344897
0672344897
0773921883
0573921883
0673921883
0737807667
0537807667
0637807667
0751431417
0551431417
0651431417
0784208222
0584208222
0684208222
0746123099
0546123099
0646123099
0702175004
0502175004
0602175004
0722124522
0522124522
0622124522
0760649281
0560649281
0660649281
0758439426
0558439426
0658439426
0747828595
0547828595
0647828595
0785621136
0585621136
0685621136
0795411580
0595411580
0695411580
0779062752
0579062752
0679062752
0710338119
0510338119
0610338119
0777627257
0577627257
0677627257
0760430614
0560430614
0660430614
0722913392
0522913392
0622913392
0726321791
0526321791
0626321791
0783288946
0583288946
0683288946
0734955177
0534955177
0634955177
0713382739
0513382739
0613382739
0712228416
0512228416
0612228416
0767927779
0567927779
0667927779
0797575430
0597575430
0697575430
0732927411
0532927411
0632927411
0761189221
0561189221
0661189221
0777894572
0577894572
0677894572
0715377665
0515377665
0615377665
0747750278
0547750278
0647750278
0737397628
0537397628
0637397628
0761020699
0561020699
0661020699
0735669899
0535669899
0635669899
0770036151
0570036151
0670036151
0727354959
0527354959
0627354959
0726593703
0526593703
0626593703
0766230373
0566230373
0666230373
0749583787
0549583787
0649583787
0744861404
0544861404
0644861404
0774561233
0574561233
0674561233
0778759931
0578759931
0678759931
0725093028
0525093028
0625093028
0771551620
0571551620
0671551620
0786907004
0586907004
0686907004
0754211928
0554211928
0654211928
0774835571
0574835571
0674835571
0706323584
0506323584
0606323584
0706384998
0506384998
0606384998
0776452190
0576452190
0676452190
0727803123
0527803123
0627803123
0776364382
0576364382
0676364382
0755997332
0555997332
0655997332
0790628496
0590628496
0690628496
0711080713
0511080713
0611080713
0729270896
0529270896
0629270896
0797372916
0597372916
0697372916
0794633189
0594633189
0694633189
0767618251
0567618251
0667618251
0748123678
0548123678
0648123678
0715642145
0515642145
0615642145
0781709056
0581709056
0681709056
0790220347
0590220347
0690220347
0711233783
0511233783
0611233783
0721328803
0521328803
0621328803
0754598730
0554598730
0654598730
0784582560
0584582560
0684582560
0723147244
0523147244
0623147244
0734196827
0534196827
0634196827
0776438330
0576438330
0676438330
0737320334
0537320334
0637320334
0765548489
0565548489
0665548489
0708790979
0508790979
0608790979
0726701571
0526701571
0626701571
0784166653
0584166653
0684166653
0759592997
0559592997
0659592997
0706672961
0506672961
0606672961
0748882923
0548882923
0648882923
0795461778
0595461778
0695461778
0782347966
0582347966
0682347966
0737749569
0537749569
0637749569
0747803220
0547803220
0647803220
0709908164
0509908164
0609908164
0769350485
0569350485
0669350485
0747934305
0547934305
0647934305
0762654204
0562654204
0662654204
0708243500
0508243500
0608243500
0760805296
0560805296
0660805296
0755736029
0555736029
0655736029
0722473895
0522473895
0622473895
0781710102
0581710102
0681710102
0735587453
0535587453
0635587453
0799432597
0599432597
0699432597
0771087789
0571087789
0671087789
0727378234
0527378234
0627378234
0793504508
0593504508
0693504508
0776272107
0576272107
0676272107
0713179790
0513179790
0613179790
0722547614
0522547614
0622547614
0714673652
0514673652
0614673652
0784938843
0584938843
0684938843
0785715721
0585715721
0685715721
0768445415
0568445415
0668445415
0771782298
0571782298
0671782298
0768183963
0568183963
0668183963
0753721734
0553721734
0653721734
0704785718
0504785718
0604785718
0771537159
0571537159
0671537159
0748105912
0548105912
0648105912
0781769126
0581769126
0681769126
0760590034
0560590034
0660590034
0793020282
0593020282
0693020282
0721770302
0521770302
0621770302
0797439940
0597439940
0697439940
0714127296
0514127296
0614127296
0702705469
0502705469
0602705469
0735276508
0535276508
0635276508
0730258528
0530258528
0630258528
0787272716
0587272716
0687272716
0768021145
0568021145
0668021145
0736677757
0536677757
0636677757
0752830038
0552830038
0652830038
0715450741
0515450741
0615450741
0789463007
0589463007
0689463007
0737959845
0537959845
0637959845
0799709070
0599709070
0699709070
0760479045
0560479045
0660479045
0706894666
0506894666
0606894666
0778836229
0578836229
0678836229
0741104165
0541104165
0641104165
0700129997
0500129997
0600129997
0747554873
0547554873
0647554873
0709202651
0509202651
0609202651
0752606440
0552606440
0652606440
0783474435
0583474435
0683474435
0737139811
0537139811
0637139811
0705429565
0505429565
0605429565
0798596746
0598596746
0698596746
0729009113
0529009113
0629009113
0772380012
0572380012
0672380012
0774383272
0574383272
0674383272
0703652202
0503652202
0603652202
0725952791
0525952791
0625952791
0716117381
0516117381
0616117381
0797911247
0597911247
0697911247
0718823386
0518823386
0618823386
0750167391
0550167391
0650167391
0747736851
0547736851
0647736851
0727399100
0527399100
0627399100
0776748240
0576748240
0676748240
0744984395
0544984395
0644984395
0725225609
0525225609
0625225609
0791454281
0591454281
0691454281
0705356559
0505356559
0605356559
0792819606
0592819606
0692819606
0736121209
0536121209
0636121209
0713210572
0513210572
0613210572
0718670184
0518670184
0618670184
0774793503
0574793503
0674793503
0746506898
0546506898
0646506898
0707192687
0507192687
0607192687
0798438112
0598438112
0698438112
0723458207
0523458207
0623458207
0740205959
0540205959
0640205959
0701812081
0501812081
0601812081
0711589134
0511589134
0611589134
0714062495
0514062495
0614062495
0747398460
0547398460
0647398460
0793399429
0593399429
0693399429
0779756318
0579756318
0679756318
0764198168
0564198168
0664198168
0711661809
0511661809
0611661809
0785523863
0585523863
0685523863
0725256364
0525256364
0625256364
0721707940
0521707940
0621707940
0772334191
0572334191
0672334191
0776084306
0576084306
0676084306
0792136740
0592136740
0692136740
0737681307
0537681307
0637681307
0727508181
0527508181
0627508181
0712575775
0512575775
0612575775
0776412064
0576412064
0676412064
0735253290
0535253290
0635253290
0785041041
0585041041
0685041041
0710706717
0510706717
0610706717
0743313199
0543313199
0643313199
0748820127
0548820127
0648820127
0743666465
0543666465
0643666465
0740811101
0540811101
0640811101
0734959548
0534959548
0634959548
0733644375
0533644375
0633644375
0778969200
0578969200
0678969200
0748142734
0548142734
0648142734
0761551426
0561551426
0661551426
0764338012
0564338012
0664338012
0708065347
0508065347
0608065347
0754107681
0554107681
0654107681
0702346597
0502346597
0602346597
0712404155
0512404155
0612404155
0730448830
0530448830
0630448830
0721639697
0521639697
0621639697
0767498099
0567498099
0667498099
0737936055
0537936055
0637936055
0740943356
0540943356
0640943356
0756851737
0556851737
0656851737
0743599833
0543599833
0643599833
0747617470
0547617470
0647617470
0748282907
0548282907
0648282907
0778930127
0578930127
0678930127
0760108321
0560108321
0660108321
0738366292
0538366292
0638366292
0737385728
0537385728
0637385728
0743748508
0543748508
0643748508
0762920896
0562920896
0662920896
0733877670
0533877670
0633877670
0726414257
0526414257
0626414257
0790551638
0590551638
0690551638
0743186052
0543186052
0643186052
0774282978
0574282978
0674282978
0703925560
0503925560
0603925560
0792001375
0592001375
0692001375
0781658212
0581658212
0681658212
0728002595
0528002595
0628002595
0743715565
0543715565
0643715565
0701701483
0501701483
0601701483
0793772940
0593772940
0693772940
0719798569
0519798569
0619798569
0734429818
0534429818
0634429818
0729658282
0529658282
0629658282
0785603026
0585603026
0685603026
0731895714
0531895714
0631895714
0761131645
0561131645
0661131645
0762683717
0562683717
0662683717
0712104746
0512104746
0612104746
0799186586
0599186586
0699186586
0787670881
0587670881
0687670881
0774457258
0574457258
0674457258
0740158027
0540158027
0640158027
0722369423
0522369423
0622369423
0718048697
0518048697
0618048697
0784823400
0584823400
0684823400
0773628037
0573628037
0673628037
0784236454
0584236454
0684236454
0744075691
0544075691
0644075691
0731316121
0531316121
0631316121
0719959299
0519959299
0619959299
0762261820
0562261820
0662261820
0744989519
0544989519
0644989519
0773562546
0573562546
0673562546
0708144427
0508144427
0608144427
0782889527
0582889527
0682889527
0797008432
0597008432
0697008432
0724365495
0524365495
0624365495
0798875933
0598875933
0698875933
0739463111
0539463111
0639463111
0779997349
0579997349
0679997349
0795510382
0595510382
0695510382
0707364464
0507364464
0607364464
0720924022
0520924022
0620924022
0719222163
0519222163
0619222163
0735548364
0535548364
0635548364
0718528259
0518528259
0618528259
0782432172
0582432172
0682432172
0788120294
0588120294
0688120294
0741220307
0541220307
0641220307
0721944442
0521944442
0621944442
0731425812
0531425812
0631425812
0752875426
0552875426
0652875426
0763694154
0563694154
0663694154
0792431055
0592431055
0692431055
0782177214
0582177214
0682177214
0701235649
0501235649
0601235649
0742451904
0542451904
0642451904
0759385805
0559385805
0659385805
0773829037
0573829037
0673829037
0708501866
0508501866
0608501866
0744229944
0544229944
0644229944
0772192729
0572192729
0672192729
0712759737
0512759737
0612759737
0765908375
0565908375
0665908375
0736267999
0536267999
0636267999
0736650109
0536650109
0636650109
0711306184
0511306184
0611306184
0737678084
0537678084
0637678084
0737875995
0537875995
0637875995
0769641699
0569641699
0669641699
0701303311
0501303311
0601303311
0708329490
0508329490
0608329490
0774285610
0574285610
0674285610
0788025605
0588025605
0688025605
0785367610
0585367610
0685367610
0761707596
0561707596
0661707596
0782723989
0582723989
0682723989
0745302936
0545302936
0645302936
0758709908
0558709908
0658709908
0782747053
0582747053
0682747053
0703074808
0503074808
0603074808
0749192822
0549192822
0649192822
0775539131
0575539131
0675539131
0713109779
0513109779
0613109779
0788859954
0588859954
0688859954
0766972186
0566972186
0666972186
0720341974
0520341974
0620341974
0702002134
0502002134
0602002134
0788869565
0588869565
0688869565
0785363735
0585363735
0685363735
0775768669
0575768669
0675768669
0777682290
0577682290
0677682290
0786469077
0586469077
0686469077
0720491735
0520491735
0620491735
0736112156
0536112156
0636112156
0795592236
0595592236
0695592236
0708638507
0508638507
0608638507
0759225050
0559225050
0659225050
0710112351
0510112351
0610112351
0734268124
0534268124
0634268124
0793036852
0593036852
0693036852
0759963260
0559963260
0659963260
0788429663
0588429663
0688429663
0781253725
0581253725
0681253725
0787905027
0587905027
0687905027
0717549942
0517549942
0617549942
0715590114
0515590114
0615590114
0756050877
0556050877
0656050877
0788032590
0588032590
0688032590
0794718437
0594718437
0694718437
0778202852
0578202852
0678202852
0744474616
0544474616
0644474616
0791604068
0591604068
0691604068
0742070575
0542070575
0642070575
0761221929
0561221929
0661221929
0778771112
0578771112
0678771112
0726336109
0526336109
0626336109
0788973633
0588973633
0688973633
0743122798
0543122798
0643122798
0756637354
0556637354
0656637354
0711883175
0511883175
0611883175
0753818297
0553818297
0653818297
0713848510
0513848510
0613848510
0725244244
0525244244
0625244244
0704763566
0504763566
0604763566
0753731636
0553731636
0653731636
0791649028
0591649028
0691649028
0741953469
0541953469
0641953469
0758634325
0558634325
0658634325
0743289802
0543289802
0643289802
0737580514
0537580514
0637580514
0747743993
0547743993
0647743993
0747720904
0547720904
0647720904
0789117627
0589117627
0689117627
0758541505
0558541505
0658541505
0725716651
0525716651
0625716651
0763933296
0563933296
0663933296
0793170208
0593170208
0693170208
0710640697
0510640697
0610640697
0776144801
0576144801
0676144801
0769429320
0569429320
0669429320
0731556825
0531556825
0631556825
0700151386
0500151386
0600151386
0715988251
0515988251
0615988251
0764773333
0564773333
0664773333
0775491538
0575491538
0675491538
0715138186
0515138186
0615138186
0767366978
0567366978
0667366978
0737647013
0537647013
0637647013
0778570718
0578570718
0678570718
0751155468
0551155468
0651155468
0738252781
0538252781
0638252781
0763914896
0563914896
0663914896
0796008005
0596008005
0696008005
0705442278
0505442278
0605442278
0720004513
0520004513
0620004513
0724655517
0524655517
0624655517
0730471003
0530471003
0630471003
0737772814
0537772814
0637772814
0721442019
0521442019
0621442019
0778901640
0578901640
0678901640
0723304870
0523304870
0623304870
0761903895
0561903895
0661903895
0724687388
0524687388
0624687388
0768093373
0568093373
0668093373
0743117055
0543117055
0643117055
0737338900
0537338900
0637338900
0719753144
0519753144
0619753144
0797179331
0597179331
0697179331
0752020433
0552020433
0652020433
0797907552
0597907552
0697907552
0709005795
0509005795
0609005795
0779015423
0579015423
0679015423
0779163001
0579163001
0679163001
0711412215
0511412215
0611412215
0751626061
0551626061
0651626061
0779561207
0579561207
0679561207
0715138716
0515138716
0615138716
0775134889
0575134889
0675134889
0775366186
0575366186
0675366186
0792299541
0592299541
0692299541
0785714412
0585714412
0685714412
0711133666
0511133666
0611133666
0781244715
0581244715
0681244715
0777677675
0577677675
0677677675
0715063823
0515063823
0615063823
0720083446
0520083446
0620083446
0787189867
0587189867
0687189867
0792560985
0592560985
0692560985
0744184238
0544184238
0644184238
0730361361
0530361361
0630361361
0711603421
0511603421
0611603421
0745342765
0545342765
0645342765
0747237465
0547237465
0647237465
0774476911
0574476911
0674476911
0743424072
0543424072
0643424072
0736774949
0536774949
0636774949
0763292156
0563292156
0663292156
0789007306
0589007306
0689007306
0754186839
0554186839
0654186839
0798625891
0598625891
0698625891
0714877469
0514877469
0614877469
0753518697
0553518697
0653518697
0731945961
0531945961
0631945961
0726420254
0526420254
0626420254
0745893173
0545893173
0645893173
0777355224
0577355224
0677355224
0775330154
0575330154
0675330154
0758854948
0558854948
0658854948
0751525010
0551525010
0651525010
0789532691
0589532691
0689532691
0717058572
0517058572
0617058572
0786758661
0586758661
0686758661
0758688402
0558688402
0658688402
0792270668
0592270668
0692270668
0775189479
0575189479
0675189479
0771434935
0571434935
0671434935
0718492721
0518492721
0618492721
0770867746
0570867746
0670867746
0739914015
0539914015
0639914015
0749626041
0549626041
0649626041
0711752701
0511752701
0611752701
0785264133
0585264133
0685264133
0726139576
0526139576
0626139576
0745587610
0545587610
0645587610
0786570362
0586570362
0686570362
0799283655
0599283655
0699283655
0712598081
0512598081
0612598081
0778097120
0578097120
0678097120
0790560538
0590560538
0690560538
0742892424
0542892424
0642892424
0788356584
0588356584
0688356584
0739514372
0539514372
0639514372
0719692465
0519692465
0619692465
0766165177
0566165177
0666165177
0786967127
0586967127
0686967127
0739206934
0539206934
0639206934
0726994651
0526994651
0626994651
0713801986
0513801986
0613801986
0741438613
0541438613
0641438613
0720767152
0520767152
0620767152
0719197008
0519197008
0619197008
0785383629
0585383629
0685383629
0740823839
0540823839
0640823839
0770400598
0570400598
0670400598
0793413924
0593413924
0693413924
0723804981
0523804981
0623804981
0781998574
0581998574
0681998574
0730022817
0530022817
0630022817
0713200044
0513200044
0613200044
0799605851
0599605851
0699605851
0783721831
0583721831
0683721831
0708444327
0508444327
0608444327
0700234573
0500234573
0600234573
0764697102
0564697102
0664697102
0761388337
0561388337
0661388337
0712452213
0512452213
0612452213
0742348267
0542348267
0642348267
0761251125
0561251125
0661251125
0780004653
0580004653
0680004653
0739378710
0539378710
0639378710
0746126869
0546126869
0646126869
0797027236
0597027236
0697027236
0760346566
0560346566
0660346566
0770148866
0570148866
0670148866
0745287921
0545287921
0645287921
0721026484
0521026484
0621026484
0749476946
0549476946
0649476946
0713955321
0513955321
0613955321
0783249544
0583249544
0683249544
0755089441
0555089441
0655089441
0784925777
0584925777
0684925777
0756256650
0556256650
0656256650
0740681318
0540681318
0640681318
0712668677
0512668677
0612668677
0700891134
0500891134
0600891134
0728717656
0528717656
0628717656
0798699493
0598699493
0698699493
0701671669
0501671669
0601671669
0799112514
0599112514
0699112514
0756402669
0556402669
0656402669
0772312686
0572312686
0672312686
0745366193
0545366193
0645366193
0700765303
0500765303
0600765303
0786144421
0586144421
0686144421
0747200277
0547200277
0647200277
0757595144
0557595144
0657595144
0706201335
0506201335
0606201335
0752226569
0552226569
0652226569
0740726946
0540726946
0640726946
0779548853
0579548853
0679548853
0759353160
0559353160
0659353160
0760924959
0560924959
0660924959
0763020036
0563020036
0663020036
0790463339
0590463339
0690463339
0723074253
0523074253
0623074253
0737178974
0537178974
0637178974
0779398302
0579398302
0679398302
0764472776
0564472776
0664472776
0772606885
0572606885
0672606885
0789432983
0589432983
0689432983
0705754913
0505754913
0605754913
0752018203
0552018203
0652018203
0746198048
0546198048
0646198048
0710471763
0510471763
0610471763
0785247689
0585247689
0685247689
0719847344
0519847344
0619847344
0760989690
0560989690
0660989690
0721029094
0521029094
0621029094
0705415991
0505415991
0605415991
0760142647
0560142647
0660142647
0760654631
0560654631
0660654631
0789106183
0589106183
0689106183
0764449540
0564449540
0664449540
0727763671
0527763671
0627763671
0736326918
0536326918
0636326918
0761766865
0561766865
0661766865
0784049171
0584049171
0684049171
0791515282
0591515282
0691515282
0745613966
0545613966
0645613966
0700535031
0500535031
0600535031
0747462848
0547462848
0647462848
0795187025
0595187025
0695187025
0718294993
0518294993
0618294993
0733089980
0533089980
0633089980
0720938826
0520938826
0620938826
0781806611
0581806611
0681806611
0795424230
0595424230
0695424230
0785833183
0585833183
0685833183
0719357040
0519357040
0619357040
0714275658
0514275658
0614275658
0722755690
0522755690
0622755690
0761219528
0561219528
0661219528
0754823857
0554823857
0654823857
0715763001
0515763001
0615763001
0772018516
0572018516
0672018516
0727220177
0527220177
0627220177
0717643983
0517643983
0617643983
0748965425
0548965425
0648965425
0744507946
0544507946
0644507946
0719972547
0519972547
0619972547
0721439687
0521439687
0621439687
0791037171
0591037171
0691037171
0752542353
0552542353
0652542353
0765914561
0565914561
0665914561
0713707219
0513707219
0613707219
0755012124
0555012124
0655012124
0763447487
0563447487
0663447487
0716883574
0516883574
0616883574
0771147245
0571147245
0671147245
0731282714
0531282714
0631282714
0755763618
0555763618
0655763618
0743100958
0543100958
0643100958
0775799893
0575799893
0675799893
0792363588
0592363588
0692363588
0744867933
0544867933
0644867933
0779490460
0579490460
0679490460
0715063206
0515063206
0615063206
0786888490
0586888490
0686888490
0728551759
0528551759
0628551759
0784604236
0584604236
0684604236
0761132199
0561132199
0661132199
0760318177
0560318177
0660318177
0782931448
0582931448
0682931448
0766566975
0566566975
0666566975
0784976355
0584976355
0684976355
0731633110
0531633110
0631633110
0729621572
0529621572
0629621572
0742625664
0542625664
0642625664
0750584974
0550584974
0650584974
0774784644
0574784644
0674784644
0762766919
0562766919
0662766919
0724699994
0524699994
0624699994
0779843779
0579843779
0679843779
0735064437
0535064437
0635064437
0748523611
0548523611
0648523611
0776640585
0576640585
0676640585
0769329628
0569329628
0669329628
0771519864
0571519864
0671519864
0790411731
0590411731
0690411731
0789728937
0589728937
0689728937
0720436135
0520436135
0620436135
0746667289
0546667289
0646667289
0713800260
0513800260
0613800260
0743932814
0543932814
0643932814
0741519888
0541519888
0641519888
0757781795
0557781795
0657781795
0758832684
0558832684
0658832684
0701672501
0501672501
0601672501
0717937826
0517937826
0617937826
0727832321
0527832321
0627832321
0713709870
0513709870
0613709870
0738566740
0538566740
0638566740
0792032268
0592032268
0692032268
0764235168
0564235168
0664235168
0776612907
0576612907
0676612907
0759556283
0559556283
0659556283
0717652010
0517652010
0617652010
0791680285
0591680285
0691680285
0737347651
0537347651
0637347651
0714927397
0514927397
0614927397
0702083778
0502083778
0602083778
0730950874
0530950874
0630950874
0778983422
0578983422
0678983422
0771096257
0571096257
0671096257
0760666083
0560666083
0660666083
0762185614
0562185614
0662185614
0736300569
0536300569
0636300569
0750026719
0550026719
0650026719
0721943380
0521943380
0621943380
0791611598
0591611598
0691611598
0763238820
0563238820
0663238820
0783083256
0583083256
0683083256
0790363836
0590363836
0690363836
0791353001
0591353001
0691353001
0722413231
0522413231
0622413231
0726473156
0526473156
0626473156
0713490593
0513490593
0613490593
0746396650
0546396650
0646396650
0749722523
0549722523
0649722523
0701435486
0501435486
0601435486
0791331939
0591331939
0691331939
0715347018
0515347018
0615347018
0792505628
0592505628
0692505628
0725427035
0525427035
0625427035
0775930993
0575930993
0675930993
0788142884
0588142884
0688142884
0773463437
0573463437
0673463437
0730249786
0530249786
0630249786
0759806670
0559806670
0659806670
0716917053
0516917053
0616917053
0762649704
0562649704
0662649704
0732184073
0532184073
0632184073
0700365486
0500365486
0600365486
0700380095
0500380095
0600380095
0795279067
0595279067
0695279067
0737703659
0537703659
0637703659
0752305074
0552305074
0652305074
0720646459
0520646459
0620646459
0705149171
0505149171
0605149171
0715899239
0515899239
0615899239
0757996537
0557996537
0657996537
0765924423
0565924423
0665924423
0778367352
0578367352
0678367352
0780464048
0580464048
0680464048
0717771006
0517771006
0617771006
0785351766
0585351766
0685351766
0705395886
0505395886
0605395886
0778067836
0578067836
0678067836
0746869011
0546869011
0646869011
0731785626
0531785626
0631785626
0723221432
0523221432
0623221432
0704734214
0504734214
0604734214
0734331305
0534331305
0634331305
0727421384
0527421384
0627421384
0729741163
0529741163
0629741163
0739876657
0539876657
0639876657
0793088737
0593088737
0693088737
0710300223
0510300223
0610300223
0766394110
0566394110
0666394110
0772850010
0572850010
0672850010
0794173519
0594173519
0694173519
0706001805
0506001805
0606001805
0744620794
0544620794
0644620794
0794754191
0594754191
0694754191
0798151935
0598151935
0698151935
0778396993
0578396993
0678396993
0776887466
0576887466
0676887466
0786208088
0586208088
0686208088
0738076216
0538076216
0638076216
0797964953
0597964953
0697964953
0750710847
0550710847
0650710847
0758795945
0558795945
0658795945
0742489257
0542489257
0642489257
0768459711
0568459711
0668459711
0718341313
0518341313
0618341313
0726199322
0526199322
0626199322
0751211175
0551211175
0651211175
0726114722
0526114722
0626114722
0773736325
0573736325
0673736325
0750422530
0550422530
0650422530
0724741584
0524741584
0624741584
0788892437
0588892437
0688892437
0784165712
0584165712
0684165712
0762189779
0562189779
0662189779
0701299306
0501299306
0601299306
0751066941
0551066941
0651066941
0733710866
0533710866
0633710866
0755432586
0555432586
0655432586
0704918591
0504918591
0604918591
0763292984
0563292984
0663292984
0736658385
0536658385
0636658385
0718182365
0518182365
0618182365
0764748262
0564748262
0664748262
0717509433
0517509433
0617509433
0786555509
0586555509
0686555509
0769028227
0569028227
0669028227
0712201336
0512201336
0612201336
0761162486
0561162486
0661162486
0783264949
0583264949
0683264949
0797072026
0597072026
0697072026
0734460303
0534460303
0634460303
0725649612
0525649612
0625649612
0705863633
0505863633
0605863633
0782291307
0582291307
0682291307
0738288244
0538288244
0638288244
0764551107
0564551107
0664551107
0708263404
0508263404
0608263404
0729192077
0529192077
0629192077
0731366630
0531366630
0631366630
0758075178
0558075178
0658075178
0751521883
0551521883
0651521883
0702825650
0502825650
0602825650
0759603077
0559603077
0659603077
0795272809
0595272809
0695272809
0747553549
0547553549
0647553549
0787560648
0587560648
0687560648
0736894865
0536894865
0636894865
0768908926
0568908926
0668908926
0762821100
0562821100
0662821100
0732982478
0532982478
0632982478
0768964533
0568964533
0668964533
0718948103
0518948103
0618948103
0751320538
0551320538
0651320538
0772369164
0572369164
0672369164
0725480908
0525480908
0625480908
0748715875
0548715875
0648715875
0757384900
0557384900
0657384900
0732001282
0532001282
0632001282
0764364496
0564364496
0664364496
0796520279
0596520279
0696520279
0740634191
0540634191
0640634191
0723401800
0523401800
0623401800
0760002876
0560002876
0660002876
0722426711
0522426711
0622426711
0747092946
0547092946
0647092946
0730885418
0530885418
0630885418
0744272111
0544272111
0644272111
0712032015
0512032015
0612032015
0742861383
0542861383
0642861383
0745822676
0545822676
0645822676
0721660991
0521660991
0621660991
0737544707
0537544707
0637544707
0707694856
0507694856
0607694856
0734386831
0534386831
0634386831
0710506367
0510506367
0610506367
0736193480
0536193480
0636193480
0779126606
0579126606
0679126606
0786395623
0586395623
0686395623
0733685838
0533685838
0633685838
0754075430
0554075430
0654075430
0730062964
0530062964
0630062964
0768613990
0568613990
0668613990
0742957567
0542957567
0642957567
0709929255
0509929255
0609929255
0732132698
0532132698
0632132698
0723128362
0523128362
0623128362
0712967758
0512967758
0612967758
0794631120
0594631120
0694631120
0740395296
0540395296
0640395296
0749333452
0549333452
0649333452
0761411942
0561411942
0661411942
0770952076
0570952076
0670952076
0745613872
0545613872
0645613872
0772474905
0572474905
0672474905
0704102620
0504102620
0604102620
0700412986
0500412986
0600412986
0719344107
0519344107
0619344107
0766587052
0566587052
0666587052
0743990874
0543990874
0643990874
0790467343
0590467343
0690467343
0706193371
0506193371
0606193371
0794115820
0594115820
0694115820
0714415692
0514415692
0614415692
0730312760
0530312760
0630312760
0765369248
0565369248
0665369248
0714378772
0514378772
0614378772
0719604502
0519604502
0619604502
0763848989
0563848989
0663848989
0785889905
0585889905
0685889905
0785387222
0585387222
0685387222
0797609478
0597609478
0697609478
0783522410
0583522410
0683522410
0798593381
0598593381
0698593381
0700898221
0500898221
0600898221
0708630474
0508630474
0608630474
0749327711
0549327711
0649327711
0750187833
0550187833
0650187833
0716919700
0516919700
0616919700
0722332414
0522332414
0622332414
0735363240
0535363240
0635363240
0742166022
0542166022
0642166022
0711974706
0511974706
0611974706
0749806950
0549806950
0649806950
0737309981
0537309981
0637309981
0710894581
0510894581
0610894581
0765999688
0565999688
0665999688
0715741958
0515741958
0615741958
0784406202
0584406202
0684406202
0754349978
0554349978
0654349978
0731105263
0531105263
0631105263
0721545336
0521545336
0621545336
0706893335
0506893335
0606893335
0766585006
0566585006
0666585006
0751903543
0551903543
0651903543
0771750476
0571750476
0671750476
0797977527
0597977527
0697977527
0721756645
0521756645
0621756645
0778968726
0578968726
0678968726
0766934957
0566934957
0666934957
0705980209
0505980209
0605980209
0715435213
0515435213
0615435213
0783014371
0583014371
0683014371
0792170960
0592170960
0692170960
0703646355
0503646355
0603646355
0710894349
0510894349
0610894349
0729512193
0529512193
0629512193
0792056341
0592056341
0692056341
0797633924
0597633924
0697633924
0750600469
0550600469
0650600469
0752455360
0552455360
0652455360
0721433094
0521433094
0621433094
0749096880
0549096880
0649096880
0783906081
0583906081
0683906081
0766302141
0566302141
0666302141
0759455056
0559455056
0659455056
0785052868
0585052868
0685052868
0723507685
0523507685
0623507685
0795478644
0595478644
0695478644
0762369065
0562369065
0662369065
0783614234
0583614234
0683614234
0741455148
0541455148
0641455148
0794677529
0594677529
0694677529
0790922156
0590922156
0690922156
0793445500
0593445500
0693445500
0775013248
0575013248
0675013248
0716747166
0516747166
0616747166
0744081254
0544081254
0644081254
0775608927
0575608927
0675608927
0766429510
0566429510
0666429510
0755043612
0555043612
0655043612
0751256132
0551256132
0651256132
0797276681
0597276681
0697276681
0704910904
0504910904
0604910904
0755662027
0555662027
0655662027
0799078110
0599078110
0699078110
0734758431
0534758431
0634758431
0737817014
0537817014
0637817014
0764871214
0564871214
0664871214
0730289954
0530289954
0630289954
0722335355
0522335355
0622335355
0751125774
0551125774
0651125774
0770521229
0570521229
0670521229
0731725181
0531725181
0631725181
0725336018
0525336018
0625336018
0704253397
0504253397
0604253397
0769243428
0569243428
0669243428
0714310630
0514310630
0614310630
0731169465
0531169465
0631169465
0725676901
0525676901
0625676901
0725130783
0525130783
0625130783
0799778914
0599778914
0699778914
0718987531
0518987531
0618987531
0735189656
0535189656
0635189656
0728765217
0528765217
0628765217
0776778784
0576778784
0676778784
0750601458
0550601458
0650601458
0733914362
0533914362
0633914362
0794801663
0594801663
0694801663
0742369942
0542369942
0642369942
0781637070
0581637070
0681637070
0743889606
0543889606
0643889606
0768135246
0568135246
0668135246
0765136123
0565136123
0665136123
0715209847
0515209847
0615209847
0720346467
0520346467
0620346467
0717065499
0517065499
0617065499
0701326483
0501326483
0601326483
0737173195
0537173195
0637173195
0793610814
0593610814
0693610814
0735986978
0535986978
0635986978
0727929532
0527929532
0627929532
0768050543
0568050543
0668050543
0715490428
0515490428
0615490428
0701880871
0501880871
0601880871
0727963823
0527963823
0627963823
0781270628
0581270628
0681270628
0785273826
0585273826
0685273826
0757297034
0557297034
0657297034
0750769167
0550769167
0650769167
0742184385
0542184385
0642184385
0709197259
0509197259
0609197259
0706244905
0506244905
0606244905
0700793718
0500793718
0600793718
0741770265
0541770265
0641770265
0732078550
0532078550
0632078550
0725772464
0525772464
0625772464
0762605547
0562605547
0662605547
0741461029
0541461029
0641461029
0725464426
0525464426
0625464426
0759722677
0559722677
0659722677
0701942932
0501942932
0601942932
0774983319
0574983319
0674983319
0773407337
0573407337
0673407337
0735259583
0535259583
0635259583
0788254616
0588254616
0688254616
0746802905
0546802905
0646802905
0745482555
0545482555
0645482555
0796447221
0596447221
0696447221
0781315180
0581315180
0681315180
0700776675
0500776675
0600776675
0763654688
0563654688
0663654688
0705145430
0505145430
0605145430
0774709097
0574709097
0674709097
0704632184
0504632184
0604632184
0733350914
0533350914
0633350914
0771130773
0571130773
0671130773
0767986855
0567986855
0667986855
0725510981
0525510981
0625510981
0735991410
0535991410
0635991410
0797539421
0597539421
0697539421
0796967895
0596967895
0696967895
0733620180
0533620180
0633620180
0744409941
0544409941
0644409941
0710498568
0510498568
0610498568
0793972187
0593972187
0693972187
0791658999
0591658999
0691658999
0769012253
0569012253
0669012253
0775052866
0575052866
0675052866
0783127243
0583127243
0683127243
0751761686
0551761686
0651761686
0742497408
0542497408
0642497408
0773726587
0573726587
0673726587
0790256261
0590256261
0690256261
0797428007
0597428007
0697428007
0709916873
0509916873
0609916873
0728111386
0528111386
0628111386
0758598491
0558598491
0658598491
0715938937
0515938937
0615938937
0759495992
0559495992
0659495992
0797591470
0597591470
0697591470
0788753349
0588753349
0688753349
0760683006
0560683006
0660683006
0704269635
0504269635
0604269635
0739685024
0539685024
0639685024
0703317532
0503317532
0603317532
0764058028
0564058028
0664058028
0759708736
0559708736
0659708736
0759989617
0559989617
0659989617
0734208201
0534208201
0634208201
0747183369
0547183369
0647183369
0729894076
0529894076
0629894076
0783486070
0583486070
0683486070
0789767300
0589767300
0689767300
0786215150
0586215150
0686215150
0729496290
0529496290
0629496290
0757059916
0557059916
0657059916
0716304986
0516304986
0616304986
0780984366
0580984366
0680984366
0770869525
0570869525
0670869525
0780016856
0580016856
0680016856
0751330187
0551330187
0651330187
0720579423
0520579423
0620579423
0766463623
0566463623
0666463623
0749938602
0549938602
0649938602
0738623252
0538623252
0638623252
0731718287
0531718287
0631718287
0778626993
0578626993
0678626993
0761403277
0561403277
0661403277
0700581855
0500581855
0600581855
0792107504
0592107504
0692107504
0752502064
0552502064
0652502064
0749621224
0549621224
0649621224
0776987721
0576987721
0676987721
0742379755
0542379755
0642379755
0788833002
0588833002
0688833002
0795669639
0595669639
0695669639
0713428406
0513428406
0613428406
0783415169
0583415169
0683415169
0708474474
0508474474
0608474474
0786099502
0586099502
0686099502
0700185547
0500185547
0600185547
0786268145
0586268145
0686268145
0728734563
0528734563
0628734563
0799905372
0599905372
0699905372
0799095040
0599095040
0699095040
0770177388
0570177388
0670177388
0765223150
0565223150
0665223150
0797370842
0597370842
0697370842
0779534000
0579534000
0679534000
0743382307
0543382307
0643382307
0746039954
0546039954
0646039954
0709382349
0509382349
0609382349
0793322938
0593322938
0693322938
0742428180
0542428180
0642428180
0749208613
0549208613
0649208613
0708046511
0508046511
0608046511
0729828779
0529828779
0629828779
0750131953
0550131953
0650131953
0723598391
0523598391
0623598391
0754803132
0554803132
0654803132
0776689492
0576689492
0676689492
0711127707
0511127707
0611127707
0746116045
0546116045
0646116045
0773455191
0573455191
0673455191
0787312831
0587312831
0687312831
0759169910
0559169910
0659169910
0709818014
0509818014
0609818014
0702248070
0502248070
0602248070
0775181984
0575181984
0675181984
0715845078
0515845078
0615845078
0749838889
0549838889
0649838889
0782491560
0582491560
0682491560
0793549429
0593549429
0693549429
0730901256
0530901256
0630901256
0747358834
0547358834
0647358834
0763012063
0563012063
0663012063
0708477391
0508477391
0608477391
0784260768
0584260768
0684260768
0708933656
0508933656
0608933656
0774110120
0574110120
0674110120
0788913715
0588913715
0688913715
0724538915
0524538915
0624538915
0756277926
0556277926
0656277926
0730657080
0530657080
0630657080
0720457116
0520457116
0620457116
0700968075
0500968075
0600968075
0765688759
0565688759
0665688759
0728461925
0528461925
0628461925
0736521078
0536521078
0636521078
0775135906
0575135906
0675135906
0713109598
0513109598
0613109598
0758299787
0558299787
0658299787
0724525815
0524525815
0624525815
0762568678
0562568678
0662568678
0752105686
0552105686
0652105686
0748580886
0548580886
0648580886
0727587722
0527587722
0627587722
0767162266
0567162266
0667162266
0735462104
0535462104
0635462104
0707297958
0507297958
0607297958
0791615651
0591615651
0691615651
0747442732
0547442732
0647442732
0704914282
0504914282
0604914282
0765945325
0565945325
0665945325
0736858533
0536858533
0636858533
0798678690
0598678690
0698678690
0780432861
0580432861
0680432861
0747587524
0547587524
0647587524
0787276012
0587276012
0687276012
0716459772
0516459772
0616459772
0724814154
0524814154
0624814154
0721368629
0521368629
0621368629
0757541634
0557541634
0657541634
0706629517
0506629517
0606629517
0782807242
0582807242
0682807242
0748388283
0548388283
0648388283
0783235751
0583235751
0683235751
0777135882
0577135882
0677135882
0705182185
0505182185
0605182185
0748782449
0548782449
0648782449
0726254353
0526254353
0626254353
0780924736
0580924736
0680924736
0747018015
0547018015
0647018015
0751330567
0551330567
0651330567
0798548115
0598548115
0698548115
0773950150
0573950150
0673950150
0782330348
0582330348
0682330348
0779290911
0579290911
0679290911
0743912270
0543912270
0643912270
0739951458
0539951458
0639951458
0772872138
0572872138
0672872138
0715158639
0515158639
0615158639
0729882197
0529882197
0629882197
0790996960
0590996960
0690996960
0737028796
0537028796
0637028796
0778374094
0578374094
0678374094
0789909195
0589909195
0689909195
0763817263
0563817263
0663817263
0798183696
0598183696
0698183696
0786478176
0586478176
0686478176
0770278143
0570278143
0670278143
0762022225
0562022225
0662022225
0776857372
0576857372
0676857372
0712515711
0512515711
0612515711
0755966022
0555966022
0655966022
0775387505
0575387505
0675387505
0764641822
0564641822
0664641822
0760808840
0560808840
0660808840
0799010106
0599010106
0699010106
0744197266
0544197266
0644197266
0778163350
0578163350
0678163350
0731277536
0531277536
0631277536
0787309268
0587309268
0687309268
0701481666
0501481666
0601481666
0729715703
0529715703
0629715703
0750552645
0550552645
0650552645
0762879046
0562879046
0662879046
0733759183
0533759183
0633759183
0732826082
0532826082
0632826082
0707139857
0507139857
0607139857
0788594894
0588594894
0688594894
0759075713
0559075713
0659075713
0779721766
0579721766
0679721766
0726395906
0526395906
0626395906
0778067331
0578067331
0678067331
0725040825
0525040825
0625040825
0751472785
0551472785
0651472785
0726361332
0526361332
0626361332
0713739021
0513739021
0613739021
0725551141
0525551141
0625551141
0777928998
0577928998
0677928998
0776969036
0576969036
0676969036
0766141207
0566141207
0666141207
0719644966
0519644966
0619644966
0720891699
0520891699
0620891699
0773118046
0573118046
0673118046
0799716702
0599716702
0699716702
0790867368
0590867368
0690867368
0726555574
0526555574
0626555574
0770042646
0570042646
0670042646
0703662708
0503662708
0603662708
0747716761
0547716761
0647716761
0768043055
0568043055
0668043055
0753817479
0553817479
0653817479
0732862026
0532862026
0632862026
0775642401
0575642401
0675642401
0762350097
0562350097
0662350097
0735845029
0535845029
0635845029
0789508312
0589508312
0689508312
0768442908
0568442908
0668442908
0765726826
0565726826
0665726826
0734361419
0534361419
0634361419
0777507297
0577507297
0677507297
0705411792
0505411792
0605411792
0789885135
0589885135
0689885135
0718195497
0518195497
0618195497
0777729095
0577729095
0677729095
0782172791
0582172791
0682172791
0748696891
0548696891
0648696891
0776052551
0576052551
0676052551
0700552847
0500552847
0600552847
0705285635
0505285635
0605285635
0707490806
0507490806
0607490806
0744144260
0544144260
0644144260
0756769266
0556769266
0656769266
0784967454
0584967454
0684967454
0777364926
0577364926
0677364926
0788252909
0588252909
0688252909
0737631282
0537631282
0637631282
0786423614
0586423614
0686423614
0757756336
0557756336
0657756336
0704003262
0504003262
0604003262
0790934012
0590934012
0690934012
0716268066
0516268066
0616268066
0767446198
0567446198
0667446198
0790161291
0590161291
0690161291
0785232243
0585232243
0685232243
0771769598
0571769598
0671769598
0717794925
0517794925
0617794925
0719315660
0519315660
0619315660
0754448776
0554448776
0654448776
0707425885
0507425885
0607425885
0795790734
0595790734
0695790734
0744544151
0544544151
0644544151
0761564790
0561564790
0661564790
0780477408
0580477408
0680477408
0718131726
0518131726
0618131726
0736902533
0536902533
0636902533
0731316478
0531316478
0631316478
0749828527
0549828527
0649828527
0706368617
0506368617
0606368617
0794138833
0594138833
0694138833
0792503290
0592503290
0692503290
0728308096
0528308096
0628308096
0750954924
0550954924
0650954924
0773751272
0573751272
0673751272
0704004088
0504004088
0604004088
0762243416
0562243416
0662243416
0749597223
0549597223
0649597223
0764482963
0564482963
0664482963
0717563618
0517563618
0617563618
0731809969
0531809969
0631809969
0757411851
0557411851
0657411851
0773565973
0573565973
0673565973
0772999806
0572999806
0672999806
0782450916
0582450916
0682450916
0715244599
0515244599
0615244599
0731619695
0531619695
0631619695
0759172001
0559172001
0659172001
0709539244
0509539244
0609539244
0781743013
0581743013
0681743013
0711695650
0511695650
0611695650
0764817189
0564817189
0664817189
0737912074
0537912074
0637912074
0776099753
0576099753
0676099753
0751374574
0551374574
0651374574
0790905396
0590905396
0690905396
0730097970
0530097970
0630097970
0715105334
0515105334
0615105334
0776918949
0576918949
0676918949
0797727441
0597727441
0697727441
0727393790
0527393790
0627393790
0716682877
0516682877
0616682877
0708035619
0508035619
0608035619
0730310526
0530310526
0630310526
0706451719
0506451719
0606451719
0767918220
0567918220
0667918220
0708870094
0508870094
0608870094
0723948632
0523948632
0623948632
0787290324
0587290324
0687290324
0797339891
0597339891
0697339891
0782602486
0582602486
0682602486
0732087231
0532087231
0632087231
0781318211
0581318211
0681318211
0771884683
0571884683
0671884683
0739060695
0539060695
0639060695
0784677699
0584677699
0684677699
0762118484
0562118484
0662118484
0771528514
0571528514
0671528514
0724607681
0524607681
0624607681
0754414836
0554414836
0654414836
0787182851
0587182851
0687182851
0761723060
0561723060
0661723060
0770445529
0570445529
0670445529
0751400727
0551400727
0651400727
0747005426
0547005426
0647005426
0719572816
0519572816
0619572816
0727858266
0527858266
0627858266
0712054669
0512054669
0612054669
0705889331
0505889331
0605889331
0717332864
0517332864
0617332864
0715874456
0515874456
0615874456
0708701095
0508701095
0608701095
0703819189
0503819189
0603819189
0771620765
0571620765
0671620765
0707580234
0507580234
0607580234
0759697313
0559697313
0659697313
0745124865
0545124865
0645124865
0745914596
0545914596
0645914596
0777935105
0577935105
0677935105
0733077908
0533077908
0633077908
0762379615
0562379615
0662379615
0700172548
0500172548
0600172548
0715736639
0515736639
0615736639
0781374867
0581374867
0681374867
0731149195
0531149195
0631149195
0727635616
0527635616
0627635616
0732592581
0532592581
0632592581
0779601850
0579601850
0679601850
0714423964
0514423964
0614423964
0716308117
0516308117
0616308117
0798790916
0598790916
0698790916
0789387751
0589387751
0689387751
0743475993
0543475993
0643475993
0735762417
0535762417
0635762417
0703179493
0503179493
0603179493
0712916011
0512916011
0612916011
0775129400
0575129400
0675129400
0791514495
0591514495
0691514495
0742828050
0542828050
0642828050
0723301750
0523301750
0623301750
0792586409
0592586409
0692586409
0743285578
0543285578
0643285578
0711233024
0511233024
0611233024
0786823096
0586823096
0686823096
0767045068
0567045068
0667045068
0746854739
0546854739
0646854739
0749780883
0549780883
0649780883
0729875845
0529875845
0629875845
0774546695
0574546695
0674546695
0734536128
0534536128
0634536128
0760092432
0560092432
0660092432
0708721844
0508721844
0608721844
0722281731
0522281731
0622281731
0718395311
0518395311
0618395311
0790168333
0590168333
0690168333
0788540323
0588540323
0688540323
0748577327
0548577327
0648577327
0765266093
0565266093
0665266093
0765845109
0565845109
0665845109
0746547396
0546547396
0646547396
0718230970
0518230970
0618230970
0748428223
0548428223
0648428223
0720733702
0520733702
0620733702
0764117680
0564117680
0664117680
0724786710
0524786710
0624786710
0739241546
0539241546
0639241546
0750310659
0550310659
0650310659
0786558639
0586558639
0686558639
0747448553
0547448553
0647448553
0748501386
0548501386
0648501386
0793130838
0593130838
0693130838
0761470300
0561470300
0661470300
0703981806
0503981806
0603981806
0726750241
0526750241
0626750241
0716856616
0516856616
0616856616
0757249573
0557249573
0657249573
0714428833
0514428833
0614428833
0736473509
0536473509
0636473509
0797178262
0597178262
0697178262
0709686014
0509686014
0609686014
0712416564
0512416564
0612416564
0757710822
0557710822
0657710822
0774423304
0574423304
0674423304
0766327848
0566327848
0666327848
0775199273
0575199273
0675199273
0715196994
0515196994
0615196994
0780102888
0580102888
0680102888
0738782172
0538782172
0638782172
0728325478
0528325478
0628325478
0761090823
0561090823
0661090823
0795406693
0595406693
0695406693
0786043175
0586043175
0686043175
0724124571
0524124571
0624124571
0707081252
0507081252
0607081252
0747655734
0547655734
0647655734
0706104094
0506104094
0606104094
0783460182
0583460182
0683460182
0774623611
0574623611
0674623611
0755455914
0555455914
0655455914
0734180900
0534180900
0634180900
0705632348
0505632348
0605632348
0790950488
0590950488
0690950488
0708815677
0508815677
0608815677
0704748134
0504748134
0604748134
0755366801
0555366801
0655366801
0734289258
0534289258
0634289258
0730397933
0530397933
0630397933
0772084287
0572084287
0672084287
0797848412
0597848412
0697848412
0774301973
0574301973
0674301973
0712829468
0512829468
0612829468
0779691372
0579691372
0679691372
0702689300
0502689300
0602689300
0786239761
0586239761
0686239761
0776138435
0576138435
0676138435
0740636130
0540636130
0640636130
0758847268
0558847268
0658847268
0794611436
0594611436
0694611436
0742807614
0542807614
0642807614
0788423585
0588423585
0688423585
0718914373
0518914373
0618914373
0749951376
0549951376
0649951376
0761487890
0561487890
0661487890
0784657489
0584657489
0684657489
0783523523
0583523523
0683523523
0763530629
0563530629
0663530629
0700765578
0500765578
0600765578
0762139188
0562139188
0662139188
0709026994
0509026994
0609026994
0775142727
0575142727
0675142727
0736604326
0536604326
0636604326
0795387315
0595387315
0695387315
0706131221
0506131221
0606131221
0772254467
0572254467
0672254467
0728141365
0528141365
0628141365
0717253109
0517253109
0617253109
0742182697
0542182697
0642182697
0732796896
0532796896
0632796896
0793983643
0593983643
0693983643
0753510537
0553510537
0653510537
0755356475
0555356475
0655356475
0774183445
0574183445
0674183445
0716420983
0516420983
0616420983
0702370965
0502370965
0602370965
0794339864
0594339864
0694339864
0747550267
0547550267
0647550267
0775571574
0575571574
0675571574
0731074646
0531074646
0631074646
0756000555
0556000555
0656000555
0717975239
0517975239
0617975239
0786403872
0586403872
0686403872
0798188671
0598188671
0698188671
0731304984
0531304984
0631304984
0724261071
0524261071
0624261071
0715815954
0515815954
0615815954
0788324635
0588324635
0688324635
0797012231
0597012231
0697012231
0711240395
0511240395
0611240395
0768030776
0568030776
0668030776
0775965449
0575965449
0675965449
0734625260
0534625260
0634625260
0777350298
0577350298
0677350298
0776356378
0576356378
0676356378
0707582320
0507582320
0607582320
0726670460
0526670460
0626670460
0784769116
0584769116
0684769116
0788657004
0588657004
0688657004
0729707631
0529707631
0629707631
0735065504
0535065504
0635065504
0776868228
0576868228
0676868228
0741418291
0541418291
0641418291
0779649529
0579649529
0679649529
0793676800
0593676800
0693676800
0729879396
0529879396
0629879396
0716017158
0516017158
0616017158
0709454925
0509454925
0609454925
0714497691
0514497691
0614497691
0709637216
0509637216
0609637216
0716429955
0516429955
0616429955
0771217764
0571217764
0671217764
0779049713
0579049713
0679049713
0714035166
0514035166
0614035166
0711775164
0511775164
0611775164
0728992478
0528992478
0628992478
0779896361
0579896361
0679896361
0737097866
0537097866
0637097866
0707440706
0507440706
0607440706
0713213868
0513213868
0613213868
0761962164
0561962164
0661962164
0774020076
0574020076
0674020076
0798501040
0598501040
0698501040
0709586989
0509586989
0609586989
0748667592
0548667592
0648667592
0789381210
0589381210
0689381210
0731356407
0531356407
0631356407
0796132474
0596132474
0696132474
0745826396
0545826396
0645826396
0728147701
0528147701
0628147701
0713031148
0513031148
0613031148
0770309782
0570309782
0670309782
0799126354
0599126354
0699126354
0717576521
0517576521
0617576521
0714841744
0514841744
0614841744
0761926844
0561926844
0661926844
0736369105
0536369105
0636369105
0743449559
0543449559
0643449559
0748183720
0548183720
0648183720
0770887135
0570887135
0670887135
0727251730
0527251730
0627251730
0714499786
0514499786
0614499786
0766015749
0566015749
0666015749
0791884011
0591884011
0691884011
0764647363
0564647363
0664647363
0770829551
0570829551
0670829551
0765608519
0565608519
0665608519
0797599651
0597599651
0697599651
0752182666
0552182666
0652182666
0794490254
0594490254
0694490254
0748206820
0548206820
0648206820
0746999153
0546999153
0646999153
0750588033
0550588033
0650588033
0738735444
0538735444
0638735444
0731426310
0531426310
0631426310
0748803317
0548803317
0648803317
0737293791
0537293791
0637293791
0741746360
0541746360
0641746360
0743469211
0543469211
0643469211
0751773041
0551773041
0651773041
0733948801
0533948801
0633948801
0771610501
0571610501
0671610501
0774290733
0574290733
0674290733
0782501918
0582501918
0682501918
0767215882
0567215882
0667215882
0726890964
0526890964
0626890964
0717797859
0517797859
0617797859
0787443874
0587443874
0687443874
0705107579
0505107579
0605107579
0746796450
0546796450
0646796450
0786384511
0586384511
0686384511
0775120073
0575120073
0675120073
0797951865
0597951865
0697951865
0760293864
0560293864
0660293864
0714807677
0514807677
0614807677
0705525505
0505525505
0605525505
0786472806
0586472806
0686472806
0797273958
0597273958
0697273958
0721731301
0521731301
0621731301
0708103936
0508103936
0608103936
0764937794
0564937794
0664937794
0757747069
0557747069
0657747069
0707477662
0507477662
0607477662
0723801217
0523801217
0623801217
0754449716
0554449716
0654449716
0745197953
0545197953
0645197953
0732355076
0532355076
0632355076
0746654666
0546654666
0646654666
0753992128
0553992128
0653992128
0729120244
0529120244
0629120244
0710626402
0510626402
0610626402
0777357594
0577357594
0677357594
0704851591
0504851591
0604851591
0785018598
0585018598
0685018598
0786307144
0586307144
0686307144
0763293958
0563293958
0663293958
0794004349
0594004349
0694004349
0701056616
0501056616
0601056616
0713643313
0513643313
0613643313
0714873676
0514873676
0614873676
0746338187
0546338187
0646338187
0717437997
0517437997
0617437997
0738371301
0538371301
0638371301
0766857577
0566857577
0666857577
0741621281
0541621281
0641621281
0754954032
0554954032
0654954032
0749973090
0549973090
0649973090
0790736472
0590736472
0690736472
0702561544
0502561544
0602561544
0779733419
0579733419
0679733419
0739967652
0539967652
0639967652
0777497901
0577497901
0677497901
0746392560
0546392560
0646392560
0785001612
0585001612
0685001612
0764549597
0564549597
0664549597
0792089740
0592089740
0692089740
0763945934
0563945934
0663945934
0799330586
0599330586
0699330586
0765329187
0565329187
0665329187
0724547030
0524547030
0624547030
0782684992
0582684992
0682684992
0702011970
0502011970
0602011970
0775250513
0575250513
0675250513
0774382094
0574382094
0674382094
0761462993
0561462993
0661462993
0763889261
0563889261
0663889261
0742431600
0542431600
0642431600
0742733441
0542733441
0642733441
0707052365
0507052365
0607052365
0731823961
0531823961
0631823961
0704510599
0504510599
0604510599
0741054838
0541054838
0641054838
0799698851
0599698851
0699698851
0722360725
0522360725
0622360725
0719560488
0519560488
0619560488
0791640293
0591640293
0691640293
0791932364
0591932364
0691932364
0716875746
0516875746
0616875746
0766913813
0566913813
0666913813
0711022538
0511022538
0611022538
0799288375
0599288375
0699288375
0723361464
0523361464
0623361464
0709400551
0509400551
0609400551
0785309233
0585309233
0685309233
0718686242
0518686242
0618686242
0743177199
0543177199
0643177199
0754638253
0554638253
0654638253
0754997123
0554997123
0654997123
0789358181
0589358181
0689358181
0756733336
0556733336
0656733336
0774200764
0574200764
0674200764
0731638024
0531638024
0631638024
0702854557
0502854557
0602854557
0757137400
0557137400
0657137400
0702735993
0502735993
0602735993
0761693712
0561693712
0661693712
0764338983
0564338983
0664338983
0708879355
0508879355
0608879355
0767277285
0567277285
0667277285
0762958300
0562958300
0662958300
0726472502
0526472502
0626472502
0795616987
0595616987
0695616987
0768550505
0568550505
0668550505
0711196041
0511196041
0611196041
0758000352
0558000352
0658000352
0713293256
0513293256
0613293256
0716715571
0516715571
0616715571
0724874157
0524874157
0624874157
0704206913
0504206913
0604206913
0756648317
0556648317
0656648317
0737767911
0537767911
0637767911
0749027879
0549027879
0649027879
0780986831
0580986831
0680986831
0772781330
0572781330
0672781330
0794745137
0594745137
0694745137
0728955876
0528955876
0628955876
0765424462
0565424462
0665424462
0721394316
0521394316
0621394316
0793995778
0593995778
0693995778
0742550364
0542550364
0642550364
0751229425
0551229425
0651229425
0713101140
0513101140
0613101140
0778302362
0578302362
0678302362
0711782794
0511782794
0611782794
0779352983
0579352983
0679352983
0748581995
0548581995
0648581995
0776489580
0576489580
0676489580
0720188655
0520188655
0620188655
0703305405
0503305405
0603305405
0766481449
0566481449
0666481449
0712014693
0512014693
0612014693
0792582177
0592582177
0692582177
0787317884
0587317884
0687317884
0713357340
0513357340
0613357340
0731607558
0531607558
0631607558
0704961651
0504961651
0604961651
0777101786
0577101786
0677101786
0789610483
0589610483
0689610483
0783804504
0583804504
0683804504
0705462340
0505462340
0605462340
0798359402
0598359402
0698359402
0717581005
0517581005
0617581005
0791143106
0591143106
0691143106
0738189500
0538189500
0638189500
0776085913
0576085913
0676085913
0774141041
0574141041
0674141041
0709493443
0509493443
0609493443
0727717449
0527717449
0627717449
0728311521
0528311521
0628311521
0779214726
0579214726
0679214726
0776912421
0576912421
0676912421
0765544622
0565544622
0665544622
0780726460
0580726460
0680726460
0705654551
0505654551
0605654551
0704534388
0504534388
0604534388
0791656584
0591656584
0691656584
0754407317
0554407317
0654407317
0777896121
0577896121
0677896121
0782227895
0582227895
0682227895
0707929281
0507929281
0607929281
0770642090
0570642090
0670642090
0725368062
0525368062
0625368062
0781537110
0581537110
0681537110
0730062107
0530062107
0630062107
0722522012
0522522012
0622522012
0777179703
0577179703
0677179703
0751193231
0551193231
0651193231
0791676597
0591676597
0691676597
0774055170
0574055170
0674055170
0749480681
0549480681
0649480681
0754723614
0554723614
0654723614
0784849631
0584849631
0684849631
0755904736
0555904736
0655904736
0740328615
0540328615
0640328615
0789099111
0589099111
0689099111
0783888543
0583888543
0683888543
0780854759
0580854759
0680854759
0704185826
0504185826
0604185826
0756243923
0556243923
0656243923
0704018271
0504018271
0604018271
0742690982
0542690982
0642690982
0710825834
0510825834
0610825834
0731253810
0531253810
0631253810
0708594010
0508594010
0608594010
0796433901
0596433901
0696433901
0732813557
0532813557
0632813557
0703331743
0503331743
0603331743
0798038355
0598038355
0698038355
0738654961
0538654961
0638654961
0712689266
0512689266
0612689266
0744677457
0544677457
0644677457
0725696815
0525696815
0625696815
0767097209
0567097209
0667097209
0759621314
0559621314
0659621314
0788997712
0588997712
0688997712
0714388667
0514388667
0614388667
0713474407
0513474407
0613474407
0700335722
0500335722
0600335722
0750984286
0550984286
0650984286
0757238018
0557238018
0657238018
0723354766
0523354766
0623354766
0789797045
0589797045
0689797045
0767321282
0567321282
0667321282
0717733766
0517733766
0617733766
0797506750
0597506750
0697506750
0720803514
0520803514
0620803514
0703187589
0503187589
0603187589
0792769332
0592769332
0692769332
0735586911
0535586911
0635586911
0739103856
0539103856
0639103856
0712799573
0512799573
0612799573
0707542218
0507542218
0607542218
0746141529
0546141529
0646141529
0705279441
0505279441
0605279441
0765255356
0565255356
0665255356
0797915278
0597915278
0697915278
0758587713
0558587713
0658587713
0775261606
0575261606
0675261606
0728309246
0528309246
0628309246
0748258618
0548258618
0648258618
0788217298
0588217298
0688217298
0755526237
0555526237
0655526237
0712563862
0512563862
0612563862
0786028775
0586028775
0686028775
0795947423
0595947423
0695947423
0756758037
0556758037
0656758037
0733763369
0533763369
0633763369
0727767450
0527767450
0627767450
0712757562
0512757562
0612757562
0732628729
0532628729
0632628729
0792838168
0592838168
0692838168
0788372807
0588372807
0688372807
0740671660
0540671660
0640671660
0715228796
0515228796
0615228796
0708527111
0508527111
0608527111
0764076379
0564076379
0664076379
0736448294
0536448294
0636448294
0774906238
0574906238
0674906238
0707867031
0507867031
0607867031
0731264192
0531264192
0631264192
0713967502
0513967502
0613967502
0744775679
0544775679
0644775679
0757735870
0557735870
0657735870
0762076402
0562076402
0662076402
0754491586
0554491586
0654491586
0798727794
0598727794
0698727794
0708501927
0508501927
0608501927
0746516574
0546516574
0646516574
0724361593
0524361593
0624361593
0775992999
0575992999
0675992999
0737044190
0537044190
0637044190
0784506498
0584506498
0684506498
0706657767
0506657767
0606657767
0722668238
0522668238
0622668238
0712369461
0512369461
0612369461
0796617196
0596617196
0696617196
0743622315
0543622315
0643622315
0712519506
0512519506
0612519506
0726784909
0526784909
0626784909
0745693793
0545693793
0645693793
0738762665
0538762665
0638762665
0775772743
0575772743
0675772743
0757015859
0557015859
0657015859
0777594949
0577594949
0677594949
0702024861
0502024861
0602024861
0744541961
0544541961
0644541961
0794112455
0594112455
0694112455
0753797184
0553797184
0653797184
0777237688
0577237688
0677237688
0790160228
0590160228
0690160228
0713420023
0513420023
0613420023
0717889960
0517889960
0617889960
0781740495
0581740495
0681740495
0756823506
0556823506
0656823506
0767259273
0567259273
0667259273
0782600841
0582600841
0682600841
0700926816
0500926816
0600926816
0730831398
0530831398
0630831398
0756677791
0556677791
0656677791
0760695165
0560695165
0660695165
0757697756
0557697756
0657697756
0718035643
0518035643
0618035643
0749647725
0549647725
0649647725
0733300854
0533300854
0633300854
0727382827
0527382827
0627382827
0775239046
0575239046
0675239046
0748871324
0548871324
0648871324
0785368788
0585368788
0685368788
0743295110
0543295110
0643295110
0756351265
0556351265
0656351265
0705235704
0505235704
0605235704
0755718613
0555718613
0655718613
0793224602
0593224602
0693224602
0735721811
0535721811
0635721811
0776711214
0576711214
0676711214
0733608305
0533608305
0633608305
0783277743
0583277743
0683277743
0719518059
0519518059
0619518059
0751128834
0551128834
0651128834
0730233206
0530233206
0630233206
0765802720
0565802720
0665802720
0789429963
0589429963
0689429963
0746018083
0546018083
0646018083
0727182368
0527182368
0627182368
0729933343
0529933343
0629933343
0707379264
0507379264
0607379264
0763331097
0563331097
0663331097
0734948189
0534948189
0634948189
0765835263
0565835263
0665835263
0753631978
0553631978
0653631978
0709453717
0509453717
0609453717
0796302486
0596302486
0696302486
0701997340
0501997340
0601997340
0756611442
0556611442
0656611442
0706290300
0506290300
0606290300
0792580836
0592580836
0692580836
0745525142
0545525142
0645525142
0753169517
0553169517
0653169517
0779343962
0579343962
0679343962
0700615684
0500615684
0600615684
0780846233
0580846233
0680846233
0798595399
0598595399
0698595399
0711836376
0511836376
0611836376
0748299796
0548299796
0648299796
0737508319
0537508319
0637508319
0721268912
0521268912
0621268912
0723495380
0523495380
0623495380
0754896564
0554896564
0654896564
0733975182
0533975182
0633975182
0759415028
0559415028
0659415028
0786237919
0586237919
0686237919
0747451511
0547451511
0647451511
0718917573
0518917573
0618917573
0710749823
0510749823
0610749823
0741544947
0541544947
0641544947
0747112016
0547112016
0647112016
0712645082
0512645082
0612645082
0703918317
0503918317
0603918317
0757399796
0557399796
0657399796
0798212398
0598212398
0698212398
0718338699
0518338699
0618338699
0758899829
0558899829
0658899829
0735228672
0535228672
0635228672
0704685004
0504685004
0604685004
0793684834
0593684834
0693684834
0783342940
0583342940
0683342940
0774088955
0574088955
0674088955
0798488725
0598488725
0698488725
0760898908
0560898908
0660898908
0757111276
0557111276
0657111276
0789666478
0589666478
0689666478
0728451716
0528451716
0628451716
0760892565
0560892565
0660892565
0724004096
0524004096
0624004096
0770020191
0570020191
0670020191
0773039894
0573039894
0673039894
0703338280
0503338280
0603338280
0725048901
0525048901
0625048901
0757035044
0557035044
0657035044
0752816543
0552816543
0652816543
0728978979
0528978979
0628978979
0789194874
0589194874
0689194874
0760631789
0560631789
0660631789
0778620668
0578620668
0678620668
0771685810
0571685810
0671685810
0703131983
0503131983
0603131983
0733290639
0533290639
0633290639
0725842736
0525842736
0625842736
0738094706
0538094706
0638094706
0767817056
0567817056
0667817056
0735078133
0535078133
0635078133
0713939407
0513939407
0613939407
0778565344
0578565344
0678565344
0710593564
0510593564
0610593564
0725999097
0525999097
0625999097
0794781276
0594781276
0694781276
0726725165
0526725165
0626725165
0780487595
0580487595
0680487595
0762122417
0562122417
0662122417
0791487435
0591487435
0691487435
0796636906
0596636906
0696636906
0781273317
0581273317
0681273317
0736076796
0536076796
0636076796
0755519996
0555519996
0655519996
0789205224
0589205224
0689205224
0741536327
0541536327
0641536327
0776396122
0576396122
0676396122
0718925938
0518925938
0618925938
0763372095
0563372095
0663372095
0794766319
0594766319
0694766319
0721481427
0521481427
0621481427
0766519540
0566519540
0666519540
0720989730
0520989730
0620989730
0771408779
0571408779
0671408779
0716572390
0516572390
0616572390
0796623228
0596623228
0696623228
0711993315
0511993315
0611993315
0713673903
0513673903
0613673903
0729117286
0529117286
0629117286
0762382225
0562382225
0662382225
0740261816
0540261816
0640261816
0738660091
0538660091
0638660091
0782111522
0582111522
0682111522
0798275722
0598275722
0698275722
0736874301
0536874301
0636874301
0725558560
0525558560
0625558560
0770244353
0570244353
0670244353
0784748121
0584748121
0684748121
0715796664
0515796664
0615796664
0717158557
0517158557
0617158557
0775925470
0575925470
0675925470
0730730709
0530730709
0630730709
0748932392
0548932392
0648932392
0709081554
0509081554
0609081554
0732362112
0532362112
0632362112
0794053054
0594053054
0694053054
0779534826
0579534826
0679534826
0724617883
0524617883
0624617883
0773675038
0573675038
0673675038
0793183841
0593183841
0693183841
0749083925
0549083925
0649083925
0730987827
0530987827
0630987827
0776698992
0576698992
0676698992
0789692236
0589692236
0689692236
0775394949
0575394949
0675394949
